7	27	166.12	69.222	2.37323	1.86271	1	200	33	192	35	187	43	189	58	189	69	184	81	182	94	171	104	176	116	173	127	
7	28	168.494	71.0847	3.32611	2.65941	0	201	33	190	36	192	47	191	61	190	75	186	88	183	102	170	108	178	120	171	134	
7	29	171.82	73.7441	3.04175	2.38481	0	203	33	193	36	194	47	194	60	192	74	190	86	188	99	179	108	174	115	173	128	
7	30	174.862	76.129	2.61603	1.45458	0	204	33	195	37	195	49	196	62	194	74	192	86	190	99	182	109	174	116	174	128	
7	31	177.478	77.5835	1.87614	0.228027	0	205	35	198	42	198	54	198	67	196	80	194	91	192	103	184	111	175	117	174	129	
7	32	179.354	77.8116	1.06979	-0.571083	0	205	37	198	41	198	53	198	64	197	77	194	88	194	101	186	110	176	116	175	128	
7	33	180.424	77.2405	0.206741	-1.31414	0	205	38	198	38	198	51	200	64	198	77	194	87	194	100	188	109	177	116	174	129	
7	34	180.63	75.9263	-1.57542	-0.978134	0	205	37	196	42	200	55	200	68	198	80	196	91	194	103	185	110	178	116	174	129	
7	35	179.055	74.9482	-4.86407	0.576836	0	205	34	196	39	199	52	200	65	200	78	196	89	195	103	184	109	177	116	174	129	
7	36	174.191	75.525	-6.15829	0.8125	0	204	33	196	39	198	50	198	62	198	75	196	87	194	99	186	108	177	115	175	128	
7	37	168.032	76.3375	-0.497391	-0.67498	0	205	33	191	37	185	43	192	47	197	59	196	74	192	89	190	103	178	112	176	127	
7	38	167.535	75.6626	7.18558	-2.71423	1	204	33	192	37	185	46	194	47	197	62	196	76	193	91	186	102	178	112	176	127	
7	47	190.143	68.297	-10.8228	9.44559	1	205	88	201	100	189	104	181	110	182	122	176	131	170	141	171	148	180	153	180	165	
7	48	179.32	77.7426	-13.5433	11.4725	0	205	78	203	90	200	98	193	109	182	114	178	125	171	137	168	147	180	151	181	163	
7	49	165.777	89.2151	-7.0997	8.52275	0	190	47	200	60	197	75	197	90	193	105	184	115	176	128	170	142	175	148	180	161	
7	50	158.677	97.7379	3.82649	5.41544	0	190	47	199	59	195	73	194	88	190	101	182	115	177	129	169	142	176	149	180	161	
7	51	162.504	103.153	9.7112	3.96447	0	189	47	198	56	196	70	194	86	190	102	184	116	180	129	169	142	177	148	180	162	
7	52	172.215	107.118	7.31329	2.77396	0	205	50	202	64	198	78	200	94	196	109	194	124	190	139	174	142	175	148	180	161	
7	53	179.528	109.892	4.07172	1.22675	0	189	47	199	63	203	77	204	97	198	111	196	127	192	142	172	143	180	150	180	170	
7	54	183.6	111.118	3.31075	0.474518	0	195	47	198	59	205	77	203	96	202	114	198	130	191	144	173	142	179	150	180	168	
7	55	186.911	111.593	2.55424	0.281685	0	205	79	205	94	204	110	204	123	198	134	194	145	180	141	168	145	182	150	182	163	
7	56	189.465	111.875	1.94447	-0.448288	0	205	125	202	132	200	140	193	145	184	142	175	142	172	147	181	149	180	158	181	167	
7	57	191.41	111.426	1.59001	-1.10285	0	205	125	202	133	202	142	192	144	183	139	177	140	173	144	183	150	182	160	180	168	
7	58	193	110.324	0.741074	-1.4483	0	205	130	204	138	199	144	190	142	183	136	177	140	175	143	181	149	182	158	181	167	
7	59	193.741	108.875	-0.66713	-0.613609	0	205	131	204	140	196	143	187	138	182	134	176	138	178	144	184	150	182	159	181	167	
7	60	193.074	108.262	-2.03853	1.69839	0	205	130	203	141	194	141	188	136	182	135	175	139	178	143	184	150	182	159	181	168	
7	61	191.035	109.96	-4.00963	3.28851	0	205	137	196	144	184	139	173	139	184	148	184	161	181	173	195	56	202	67	204	80	
7	62	187.025	113.249	-8.30127	4.75553	0	176	139	185	148	183	162	205	143	192	148	179	142	196	55	197	63	197	75	204	86	
7	63	178.724	118.004	-13.6873	6.54053	0	205	53	201	63	196	75	198	87	204	103	204	123	204	140	192	148	182	158	180	173	
7	64	165.037	124.545	-15.4906	6.18086	0	205	52	204	66	202	76	200	88	199	91	196	104	192	118	191	132	188	147	183	162	
7	65	149.546	130.725	-12.5559	4.78545	0	191	47	199	59	196	74	198	89	197	103	192	116	187	130	179	138	181	147	183	160	
7	66	136.99	135.511	-7.86681	3.41734	0	190	47	200	60	196	74	197	89	194	104	190	117	185	132	177	139	182	147	183	162	
7	67	129.124	138.928	-2.49979	1.65353	0	190	47	200	59	196	71	197	86	197	102	189	114	187	129	178	138	183	148	184	162	
7	68	126.624	140.582	1.89493	2.01468	1	190	47	200	59	196	72	197	87	196	102	189	115	186	130	177	138	182	147	183	161	
7	69	128.519	142.596	4.34575	3.27182	1	196	65	197	85	194	105	189	124	179	138	184	148	181	168	167	180	163	200	163	215	
7	70	132.864	145.868	7.83324	2.03497	0	196	65	198	84	194	105	190	123	178	139	185	150	181	169	165	182	163	200	163	215	
7	71	140.698	147.903	14.0389	-1.46178	0	197	65	197	85	194	106	189	123	180	138	183	148	181	167	168	179	163	198	163	215	
7	72	154.737	146.441	16.7894	-3.2478	0	196	65	198	84	196	103	191	119	182	136	184	152	182	171	165	182	163	202	163	215	
7	73	171.526	143.194	10.5414	-0.841431	0	196	65	197	85	196	106	200	122	200	142	198	160	185	175	166	181	164	200	162	216	
7	74	182.067	142.352	3.2093	1.17365	0	199	65	200	84	202	106	204	125	204	145	202	164	185	175	165	183	162	203	165	214	
7	75	185.277	143.526	1.33984	1.02846	0	200	65	200	83	202	104	204	122	206	138	206	158	194	174	173	179	163	195	164	215	
7	76	186.617	144.554	1.64949	0.868011	0	198	65	200	85	203	106	206	125	206	143	207	162	192	175	172	178	164	196	163	217	
7	77	188.266	145.422	1.8535	0.81871	0	198	65	203	84	205	104	206	124	206	144	208	162	194	175	177	181	164	194	166	214	
7	78	190.12	146.241	1.9129	1.08969	0	200	65	204	80	205	102	208	122	206	141	212	160	198	175	177	180	166	192	166	214	
7	79	192.032	147.331	1.57721	0.965607	0	204	65	205	80	205	101	208	121	208	142	212	161	199	177	178	181	166	193	166	214	
7	80	193.61	148.296	0.804962	0.0531616	0	206	65	206	81	206	103	208	123	208	144	214	163	200	178	179	180	168	193	167	214	
7	81	194.415	148.35	0.0194702	-0.59845	1	207	65	205	87	209	108	208	128	210	147	214	164	198	177	179	179	167	193	167	213	
7	94	198.303	122.079	-1.44528	-3.12863	1	215	123	212	127	210	133	210	139	210	146	213	151	210	91	210	98	212	104	214	110	
