23	200	217
23	200	218
23	200	219
23	200	220
23	200	221
23	200	222
23	200	223
23	200	224
23	200	225
23	200	226
23	200	227
23	201	217
23	201	218
23	201	219
23	201	220
23	201	221
23	201	222
23	201	223
23	201	224
23	201	225
23	201	226
23	201	227
23	202	217
23	202	218
23	202	219
23	202	220
23	202	221
23	202	222
23	202	223
23	202	224
23	202	225
23	202	226
23	202	227
23	203	216
23	203	217
23	203	218
23	203	219
23	203	220
23	203	221
23	203	222
23	203	223
23	203	224
23	203	225
23	203	226
23	203	227
23	204	217
23	204	218
23	204	219
23	204	220
23	204	221
23	204	222
23	204	223
23	204	224
23	204	225
23	204	226
23	204	227
23	205	217
23	205	218
23	205	219
23	205	220
23	205	221
23	205	222
23	205	223
23	205	224
23	205	225
23	205	226
23	205	227
23	206	216
23	206	217
23	206	218
23	206	219
23	206	220
23	206	221
23	206	222
23	206	223
23	206	224
23	206	225
23	206	226
23	206	227
23	207	217
23	207	218
23	207	219
23	207	220
23	207	221
23	207	222
23	207	223
23	207	224
23	207	225
23	207	226
23	207	227
23	208	217
23	208	218
23	208	219
23	208	220
23	208	221
23	208	222
23	208	223
23	208	224
23	208	225
23	208	226
23	208	227
23	209	218
23	209	219
23	209	220
23	209	221
23	209	222
23	209	223
23	209	224
23	209	225
23	209	226
23	209	227
23	210	218
23	210	219
23	210	220
23	210	221
23	210	222
23	210	223
23	210	224
23	210	225
23	210	226
23	210	227
23	211	219
23	211	220
23	211	221
23	211	222
23	211	223
23	211	224
23	211	225
23	211	226
23	211	227
23	212	219
23	212	220
23	212	221
23	212	222
23	212	223
23	212	224
23	212	225
23	212	226
23	212	227
23	213	220
23	213	221
23	213	222
23	213	223
23	213	224
23	213	225
23	213	226
23	213	227
23	214	221
23	214	222
23	214	223
23	214	224
23	214	225
23	214	226
23	214	227
23	215	221
23	215	222
23	215	223
23	215	224
23	215	225
23	215	226
23	215	227
23	216	223
23	216	224
23	216	225
23	216	226
23	216	227
23	217	225
23	217	226
23	217	227
23	259	265
23	259	266
23	259	267
23	259	268
23	259	269
23	259	270
23	259	271
23	259	272
23	259	273
23	259	274
23	259	275
23	260	265
23	260	266
23	260	267
23	260	268
23	260	269
23	260	270
23	260	271
23	260	272
23	260	273
23	260	274
23	261	266
23	261	267
23	261	268
23	261	269
23	261	270
23	261	271
23	261	272
23	261	273
23	262	268
23	262	269
23	262	270
23	262	271
23	281	295
23	311	327
23	311	328
23	311	329
23	311	330
23	311	331
23	311	332
23	312	328
23	312	329
23	312	330
23	312	331
23	312	332
23	313	327
23	313	328
23	313	329
23	313	330
23	313	331
23	313	332
23	314	327
23	314	328
23	314	329
23	314	330
23	314	331
23	314	332
23	315	327
23	315	328
23	315	329
23	315	330
23	315	331
23	315	332
23	316	327
23	316	328
23	316	329
23	316	330
23	316	331
23	316	332
23	317	327
23	317	328
23	317	329
23	317	330
23	317	331
23	317	332
23	318	327
23	318	328
23	318	329
23	318	330
23	318	331
23	318	332
23	319	328
23	319	329
23	319	330
23	319	331
23	319	332
23	320	328
23	320	329
23	320	330
23	320	331
23	320	332
23	321	330
23	321	331
23	321	332
23	322	330
23	322	331
23	322	332
23	323	331
23	323	332
23	349	362
23	349	363
23	349	364
23	349	365
23	349	366
23	349	367
23	349	368
23	349	369
23	349	370
23	349	371
23	349	372
23	350	362
23	350	363
23	350	364
23	350	365
23	350	366
23	350	367
23	350	368
23	350	369
23	350	370
23	350	371
23	350	372
23	351	363
23	351	364
23	351	365
23	351	366
23	351	367
23	351	368
23	351	369
23	351	370
23	351	371
23	351	372
23	352	362
23	352	363
23	352	364
23	352	365
23	352	366
23	352	367
23	352	368
23	352	369
23	352	370
23	352	371
23	352	372
23	353	362
23	353	363
23	353	364
23	353	365
23	353	366
23	353	367
23	353	368
23	353	369
23	353	370
23	353	371
23	353	372
23	354	363
23	354	364
23	354	365
23	354	366
23	354	367
23	354	368
23	354	369
23	354	370
23	354	371
23	354	372
23	355	362
23	355	363
23	355	364
23	355	365
23	355	366
23	355	367
23	355	368
23	355	369
23	355	370
23	355	371
23	355	372
23	356	362
23	356	363
23	356	364
23	356	365
23	356	366
23	356	367
23	356	368
23	356	369
23	356	370
23	356	371
23	356	372
23	357	362
23	357	363
23	357	364
23	357	365
23	357	366
23	357	367
23	357	368
23	357	369
23	357	370
23	357	371
23	357	372
23	358	363
23	358	364
23	358	365
23	358	366
23	358	367
23	358	368
23	358	369
23	358	370
23	358	371
23	358	372
23	359	365
23	359	366
23	359	367
23	359	368
23	359	369
23	359	370
23	359	371
23	359	372
23	360	368
23	360	369
23	360	370
23	360	371
23	360	372
23	361	370
23	361	371
23	361	372
23	391	409
23	391	410
23	391	411
23	392	409
23	392	410
23	392	411
23	393	409
23	393	410
23	393	411
23	394	409
23	394	410
23	394	411
23	395	409
23	395	410
23	395	411
23	396	409
23	396	410
23	396	411
23	397	409
23	397	410
23	397	411
23	398	409
23	398	410
23	398	411
23	399	409
23	399	410
23	399	411
23	400	409
23	400	410
23	400	411
23	401	410
23	401	411
23	414	445
23	414	446
23	414	447
23	414	448
23	415	441
23	415	442
23	415	443
23	415	444
23	415	445
23	415	446
23	415	447
23	415	448
23	416	441
23	416	442
23	416	443
23	416	444
23	416	445
23	416	446
23	416	447
23	416	448
23	417	436
23	417	441
23	417	442
23	417	443
23	417	444
23	417	445
23	417	446
23	417	447
23	417	448
23	418	436
23	418	441
23	418	442
23	418	443
23	418	444
23	418	445
23	418	446
23	418	447
23	418	448
23	419	436
23	419	441
23	419	442
23	419	443
23	419	444
23	419	445
23	419	446
23	419	447
23	419	448
23	420	436
23	420	441
23	420	442
23	420	443
23	420	444
23	420	445
23	420	446
23	420	447
23	420	448
23	421	436
23	421	441
23	421	442
23	421	443
23	421	444
23	421	445
23	421	446
23	421	447
23	421	448
23	422	436
23	422	441
23	422	442
23	422	443
23	422	444
23	422	445
23	422	446
23	422	447
23	422	448
23	423	436
23	423	441
23	423	442
23	423	443
23	423	444
23	423	445
23	423	446
23	423	447
23	423	448
23	424	436
23	424	441
23	424	442
23	424	443
23	424	444
23	424	445
23	424	446
23	424	447
23	424	448
23	425	436
23	425	441
23	425	442
23	425	443
23	425	444
23	425	445
23	425	446
23	425	447
23	425	448
23	426	436
23	426	441
23	426	442
23	426	443
23	426	444
23	426	445
23	426	446
23	426	447
23	426	448
23	427	436
23	427	441
23	427	442
23	427	443
23	427	444
23	427	445
23	427	446
23	427	447
23	427	448
23	428	436
23	428	441
23	428	442
23	428	443
23	428	444
23	428	445
23	428	446
23	428	447
23	428	448
23	429	436
23	429	441
23	429	442
23	429	443
23	429	444
23	429	445
23	429	446
23	429	447
23	429	448
23	430	436
23	430	441
23	430	442
23	430	443
23	430	444
23	430	445
23	430	446
23	430	447
23	430	448
23	431	436
23	431	441
23	431	442
23	431	443
23	431	444
23	431	445
23	431	446
23	431	447
23	431	448
23	432	436
23	432	442
23	432	443
23	432	444
23	432	445
23	432	446
23	432	447
23	432	448
23	433	436
23	433	441
23	433	442
23	433	443
23	433	444
23	433	445
23	433	446
23	433	447
23	433	448
23	434	436
23	434	442
23	434	443
23	434	444
23	434	445
23	434	446
23	434	447
23	434	448
23	435	442
23	435	443
23	435	444
23	435	445
23	435	446
23	435	447
23	435	448
23	436	439
23	436	440
23	436	441
23	436	442
23	436	443
23	436	444
23	436	445
23	436	446
23	436	447
23	436	448
23	437	444
23	437	445
23	437	446
23	437	447
23	437	448
23	438	444
23	438	445
23	438	446
23	438	447
23	438	448
23	439	444
23	439	445
23	439	446
23	439	447
23	439	448
23	440	444
23	440	445
23	440	446
23	440	447
23	440	448
23	441	446
23	441	447
23	441	448
23	484	510
23	485	508
23	485	509
23	485	510
23	488	508
23	488	509
23	488	510
23	489	510
23	526	541
23	526	542
23	526	543
23	526	544
23	526	545
23	526	546
23	526	547
23	527	541
23	527	542
23	527	543
23	527	544
23	527	545
23	527	546
23	527	547
23	528	542
23	528	543
23	528	544
23	528	545
23	528	546
23	528	547
23	529	542
23	529	543
23	529	544
23	529	545
23	529	546
23	529	547
23	530	542
23	530	543
23	530	544
23	530	545
23	530	546
23	530	547
23	531	541
23	531	542
23	531	543
23	531	544
23	531	545
23	531	546
23	531	547
23	532	542
23	532	543
23	532	544
23	532	545
23	532	546
23	532	547
23	533	542
23	533	543
23	533	544
23	533	545
23	533	546
23	533	547
23	534	545
23	534	546
23	534	547
23	564	580
23	564	581
23	564	582
23	564	583
23	564	584
23	564	585
23	564	586
23	565	580
23	565	581
23	565	582
23	565	583
23	565	584
23	565	585
23	565	586
23	566	580
23	566	581
23	566	582
23	566	583
23	566	584
23	566	585
23	566	586
23	567	580
23	567	581
23	567	582
23	567	583
23	567	584
23	567	585
23	567	586
23	568	580
23	568	581
23	568	582
23	568	583
23	568	584
23	568	585
23	568	586
23	569	580
23	569	581
23	569	582
23	569	583
23	569	584
23	569	585
23	569	586
23	570	580
23	570	581
23	570	582
23	570	583
23	570	584
23	570	585
23	570	586
23	571	580
23	571	581
23	571	582
23	571	583
23	571	584
23	571	585
23	571	586
23	572	580
23	572	581
23	572	582
23	572	583
23	572	584
23	572	585
23	572	586
23	573	583
23	573	584
23	573	585
23	573	586
23	574	585
23	574	586
23	603	617
23	603	618
23	603	619
23	603	620
23	603	621
23	603	622
23	603	623
23	603	624
23	604	619
23	604	620
23	604	621
23	604	622
23	604	623
23	604	624
23	605	619
23	605	620
23	605	621
23	605	622
23	605	623
23	605	624
23	606	618
23	606	619
23	606	620
23	606	621
23	606	622
23	606	623
23	606	624
23	607	618
23	607	619
23	607	620
23	607	621
23	607	622
23	607	623
23	607	624
23	608	619
23	608	620
23	608	621
23	608	622
23	608	623
23	608	624
23	609	620
23	609	621
23	609	622
23	609	623
23	609	624
23	637	665
23	637	666
23	637	667
23	638	663
23	638	664
23	638	665
23	638	666
23	638	667
23	639	660
23	639	661
23	639	662
23	639	663
23	639	664
23	639	665
23	639	666
23	639	667
23	640	659
23	640	660
23	640	661
23	640	662
23	640	663
23	640	664
23	640	665
23	640	666
23	640	667
23	641	659
23	641	660
23	641	661
23	641	662
23	641	663
23	641	664
23	641	665
23	641	666
23	641	667
23	642	659
23	642	660
23	642	661
23	642	662
23	642	663
23	642	664
23	642	665
23	642	666
23	642	667
23	643	659
23	643	660
23	643	661
23	643	662
23	643	663
23	643	664
23	643	665
23	643	666
23	643	667
23	644	659
23	644	660
23	644	661
23	644	662
23	644	663
23	644	664
23	644	665
23	644	666
23	644	667
23	645	659
23	645	660
23	645	661
23	645	662
23	645	663
23	645	664
23	645	665
23	645	666
23	645	667
23	646	659
23	646	660
23	646	661
23	646	662
23	646	663
23	646	664
23	646	665
23	646	666
23	646	667
23	647	659
23	647	660
23	647	661
23	647	662
23	647	663
23	647	664
23	647	665
23	647	666
23	647	667
23	648	659
23	648	660
23	648	661
23	648	662
23	648	663
23	648	664
23	648	665
23	648	666
23	648	667
23	649	659
23	649	660
23	649	661
23	649	662
23	649	663
23	649	664
23	649	665
23	649	666
23	649	667
23	650	659
23	650	660
23	650	661
23	650	662
23	650	663
23	650	664
23	650	665
23	650	666
23	650	667
23	651	659
23	651	660
23	651	661
23	651	662
23	651	663
23	651	664
23	651	665
23	651	666
23	651	667
23	652	659
23	652	660
23	652	661
23	652	662
23	652	663
23	652	664
23	652	665
23	652	666
23	652	667
23	653	660
23	653	661
23	653	662
23	653	663
23	653	664
23	653	665
23	653	666
23	653	667
23	654	660
23	654	661
23	654	662
23	654	663
23	654	664
23	654	665
23	654	666
23	654	667
23	655	662
23	655	663
23	655	664
23	655	665
23	655	666
23	655	667
23	656	663
23	656	664
23	656	665
23	656	666
23	656	667
23	657	665
23	657	666
23	657	667
23	721	752
23	721	753
23	721	754
23	722	747
23	722	748
23	722	749
23	722	750
23	722	751
23	722	752
23	722	753
23	722	754
23	723	745
23	723	746
23	723	747
23	723	748
23	723	749
23	723	750
23	723	751
23	723	752
23	723	753
23	723	754
23	724	742
23	724	743
23	724	744
23	724	745
23	724	746
23	724	747
23	724	748
23	724	749
23	724	750
23	724	751
23	724	752
23	724	753
23	724	754
23	725	740
23	725	741
23	725	742
23	725	743
23	725	744
23	725	745
23	725	746
23	725	747
23	725	748
23	725	749
23	725	750
23	725	751
23	725	752
23	725	753
23	725	754
23	726	739
23	726	740
23	726	741
23	726	742
23	726	743
23	726	744
23	726	745
23	726	746
23	726	747
23	726	748
23	726	749
23	726	750
23	726	751
23	726	752
23	726	753
23	726	754
23	727	739
23	727	740
23	727	741
23	727	742
23	727	743
23	727	744
23	727	745
23	727	746
23	727	747
23	727	748
23	727	749
23	727	750
23	727	751
23	727	752
23	727	753
23	727	754
23	728	739
23	728	740
23	728	741
23	728	742
23	728	743
23	728	744
23	728	745
23	728	746
23	728	747
23	728	748
23	728	749
23	728	750
23	728	751
23	728	752
23	728	753
23	728	754
23	729	739
23	729	740
23	729	741
23	729	742
23	729	743
23	729	744
23	729	745
23	729	746
23	729	747
23	729	748
23	729	749
23	729	750
23	729	751
23	729	752
23	729	753
23	729	754
23	730	739
23	730	740
23	730	741
23	730	742
23	730	743
23	730	744
23	730	745
23	730	746
23	730	747
23	730	748
23	730	749
23	730	750
23	730	751
23	730	752
23	730	753
23	730	754
23	731	739
23	731	740
23	731	741
23	731	742
23	731	743
23	731	744
23	731	745
23	731	746
23	731	747
23	731	748
23	731	749
23	731	750
23	731	751
23	731	752
23	731	753
23	731	754
23	732	739
23	732	740
23	732	741
23	732	742
23	732	743
23	732	744
23	732	745
23	732	746
23	732	747
23	732	748
23	732	749
23	732	750
23	732	751
23	732	752
23	732	753
23	732	754
23	733	739
23	733	740
23	733	741
23	733	742
23	733	743
23	733	744
23	733	745
23	733	746
23	733	747
23	733	748
23	733	749
23	733	750
23	733	751
23	733	752
23	733	753
23	733	754
23	734	739
23	734	740
23	734	741
23	734	742
23	734	743
23	734	744
23	734	745
23	734	746
23	734	747
23	734	748
23	734	749
23	734	750
23	734	751
23	734	752
23	734	753
23	734	754
23	735	739
23	735	740
23	735	741
23	735	742
23	735	743
23	735	744
23	735	745
23	735	746
23	735	747
23	735	748
23	735	749
23	735	750
23	735	751
23	735	752
23	735	753
23	735	754
23	736	740
23	736	741
23	736	742
23	736	743
23	736	744
23	736	745
23	736	746
23	736	747
23	736	748
23	736	749
23	736	750
23	736	751
23	736	752
23	736	753
23	736	754
23	737	741
23	737	742
23	737	743
23	737	744
23	737	745
23	737	746
23	737	747
23	737	748
23	737	749
23	737	750
23	737	751
23	737	752
23	737	753
23	737	754
23	738	742
23	738	743
23	738	744
23	738	745
23	738	746
23	738	747
23	738	748
23	738	749
23	738	750
23	738	751
23	738	752
23	738	753
23	738	754
23	739	745
23	739	746
23	739	747
23	739	748
23	739	749
23	739	750
23	739	751
23	739	752
23	739	753
23	739	754
23	740	745
23	740	746
23	740	747
23	740	748
23	740	749
23	740	750
23	740	751
23	740	752
23	740	753
23	740	754
23	741	745
23	741	753
23	742	745
23	742	746
23	789	817
23	789	818
23	789	819
23	789	820
23	789	821
23	789	822
23	790	815
23	790	816
23	790	817
23	790	818
23	790	819
23	790	820
23	790	821
23	790	822
23	791	814
23	791	815
23	791	816
23	791	817
23	791	818
23	791	819
23	791	820
23	791	821
23	791	822
23	792	815
23	792	816
23	792	817
23	792	818
23	792	819
23	792	820
23	792	821
23	792	822
23	793	814
23	793	815
23	793	816
23	793	817
23	793	818
23	793	819
23	793	820
23	793	821
23	793	822
23	794	815
23	794	816
23	794	817
23	794	818
23	794	819
23	794	820
23	794	821
23	794	822
23	795	814
23	795	815
23	795	816
23	795	817
23	795	818
23	795	819
23	795	820
23	795	821
23	795	822
23	796	815
23	796	816
23	796	817
23	796	818
23	796	819
23	796	820
23	796	821
23	796	822
23	797	815
23	797	816
23	797	817
23	797	818
23	797	819
23	797	820
23	797	821
23	797	822
23	798	815
23	798	816
23	798	817
23	798	818
23	798	819
23	798	820
23	798	821
23	798	822
23	799	815
23	799	816
23	799	817
23	799	818
23	799	819
23	799	820
23	799	821
23	799	822
23	800	815
23	800	816
23	800	817
23	800	818
23	800	819
23	800	820
23	800	821
23	800	822
23	801	815
23	801	816
23	801	817
23	801	818
23	801	819
23	801	820
23	801	821
23	801	822
23	802	815
23	802	816
23	802	817
23	802	818
23	802	819
23	802	820
23	802	821
23	802	822
23	803	815
23	803	816
23	803	817
23	803	818
23	803	819
23	803	820
23	803	821
23	803	822
23	804	814
23	804	815
23	804	816
23	804	817
23	804	818
23	804	819
23	804	820
23	804	821
23	804	822
23	805	815
23	805	816
23	805	817
23	805	818
23	805	819
23	805	820
23	805	821
23	805	822
23	806	815
23	806	816
23	806	817
23	806	818
23	806	819
23	806	820
23	806	821
23	806	822
23	807	815
23	807	816
23	807	817
23	807	818
23	807	819
23	807	820
23	807	821
23	807	822
23	808	815
23	808	816
23	808	817
23	808	818
23	808	819
23	808	820
23	808	821
23	808	822
23	809	817
23	809	818
23	809	819
23	809	820
23	809	821
23	809	822
23	810	818
23	810	819
23	810	820
23	810	821
23	810	822
23	811	819
23	811	820
23	811	821
23	811	822
23	824	863
23	824	864
23	824	865
23	824	866
23	824	867
23	825	862
23	825	863
23	825	864
23	825	865
23	825	866
23	825	867
23	826	862
23	826	863
23	826	864
23	826	865
23	826	866
23	826	867
23	827	862
23	827	863
23	827	864
23	827	865
23	827	866
23	827	867
23	828	862
23	828	863
23	828	864
23	828	865
23	828	866
23	828	867
23	829	862
23	829	863
23	829	864
23	829	865
23	829	866
23	829	867
23	830	862
23	830	863
23	830	864
23	830	865
23	830	866
23	830	867
23	831	862
23	831	863
23	831	864
23	831	865
23	831	866
23	831	867
23	832	862
23	832	863
23	832	864
23	832	865
23	832	866
23	832	867
23	833	862
23	833	863
23	833	864
23	833	865
23	833	866
23	833	867
23	834	862
23	834	863
23	834	864
23	834	865
23	834	866
23	834	867
23	835	862
23	835	863
23	835	864
23	835	865
23	835	866
23	835	867
23	836	862
23	836	863
23	836	864
23	836	865
23	836	866
23	836	867
23	837	862
23	837	863
23	837	864
23	837	865
23	837	866
23	837	867
23	838	862
23	838	863
23	838	864
23	838	865
23	838	866
23	838	867
23	839	862
23	839	863
23	839	864
23	839	865
23	839	866
23	839	867
23	840	862
23	840	863
23	840	864
23	840	865
23	840	866
23	840	867
23	841	862
23	841	863
23	841	864
23	841	865
23	841	866
23	841	867
23	842	862
23	842	863
23	842	864
23	842	865
23	842	866
23	842	867
23	843	862
23	843	863
23	843	864
23	843	865
23	843	866
23	843	867
23	844	862
23	844	863
23	844	864
23	844	865
23	844	866
23	844	867
23	845	862
23	845	863
23	845	864
23	845	865
23	845	866
23	845	867
23	846	862
23	846	863
23	846	864
23	846	865
23	846	866
23	846	867
23	847	862
23	847	863
23	847	864
23	847	865
23	847	866
23	847	867
23	848	862
23	848	863
23	848	864
23	848	865
23	848	866
23	848	867
23	849	862
23	849	863
23	849	864
23	849	865
23	849	866
23	849	867
23	850	862
23	850	863
23	850	864
23	850	865
23	850	866
23	850	867
23	851	862
23	851	863
23	851	864
23	851	865
23	851	866
23	851	867
23	852	862
23	852	863
23	852	864
23	852	865
23	852	866
23	852	867
23	853	862
23	853	863
23	853	864
23	853	865
23	853	866
23	853	867
23	854	864
23	854	865
23	854	866
23	854	867
23	855	864
23	855	865
23	855	866
23	855	867
23	856	865
23	856	866
23	856	867
23	857	866
23	857	867
23	858	867
23	859	867
23	860	867
23	861	867
23	879	884
23	879	885
23	879	886
23	879	887
23	879	888
23	879	889
23	879	890
23	879	891
23	880	884
23	880	885
23	880	886
23	880	887
23	880	888
23	880	889
23	880	890
23	880	891
23	881	884
23	881	885
23	881	886
23	881	887
23	881	888
23	881	889
23	881	890
23	881	891
23	882	885
23	882	886
23	882	887
23	882	888
23	882	889
23	882	890
23	882	891
23	883	887
23	883	888
23	883	889
23	883	890
23	883	891
23	884	888
23	884	889
23	884	890
23	884	891
23	885	890
23	885	891
24	129	157
24	129	158
24	129	159
24	129	160
24	129	161
24	129	162
24	129	163
24	129	164
24	129	165
24	129	166
24	129	167
24	129	168
24	129	169
24	129	170
24	129	171
24	129	172
24	129	173
24	129	174
24	129	175
24	129	176
24	129	177
24	130	157
24	130	158
24	130	159
24	130	160
24	130	161
24	130	162
24	130	163
24	130	164
24	130	165
24	130	166
24	130	167
24	130	168
24	130	169
24	130	170
24	130	171
24	130	172
24	130	173
24	130	174
24	130	175
24	130	176
24	130	177
24	131	157
24	131	158
24	131	159
24	131	160
24	131	161
24	131	162
24	131	163
24	131	164
24	131	165
24	131	166
24	131	167
24	131	168
24	131	169
24	131	170
24	131	171
24	131	172
24	131	173
24	131	174
24	131	175
24	131	176
24	131	177
24	132	157
24	132	158
24	132	159
24	132	160
24	132	161
24	132	162
24	132	163
24	132	164
24	132	165
24	132	166
24	132	167
24	132	168
24	132	169
24	132	170
24	132	171
24	132	172
24	132	173
24	132	174
24	132	175
24	132	176
24	132	177
24	133	157
24	133	158
24	133	159
24	133	160
24	133	161
24	133	162
24	133	163
24	133	164
24	133	165
24	133	166
24	133	167
24	133	168
24	133	169
24	133	170
24	133	171
24	133	172
24	133	173
24	133	174
24	133	175
24	133	176
24	133	177
24	134	157
24	134	158
24	134	159
24	134	160
24	134	161
24	134	162
24	134	163
24	134	164
24	134	165
24	134	166
24	134	167
24	134	168
24	134	169
24	134	170
24	134	171
24	134	172
24	134	173
24	134	174
24	134	175
24	134	176
24	134	177
24	135	157
24	135	158
24	135	159
24	135	160
24	135	161
24	135	162
24	135	163
24	135	164
24	135	165
24	135	166
24	135	167
24	135	168
24	135	169
24	135	170
24	135	171
24	135	172
24	135	173
24	135	174
24	135	175
24	135	176
24	135	177
24	136	157
24	136	158
24	136	159
24	136	160
24	136	161
24	136	162
24	136	163
24	136	164
24	136	165
24	136	166
24	136	167
24	136	168
24	136	169
24	136	170
24	136	171
24	136	172
24	136	173
24	136	174
24	136	175
24	136	176
24	136	177
24	137	158
24	137	159
24	137	160
24	137	161
24	137	162
24	137	163
24	137	164
24	137	165
24	137	166
24	137	167
24	137	168
24	137	169
24	137	170
24	137	171
24	137	172
24	137	173
24	137	174
24	137	175
24	137	176
24	137	177
24	138	158
24	138	159
24	138	160
24	138	161
24	138	162
24	138	163
24	138	164
24	138	165
24	138	166
24	138	167
24	138	168
24	138	169
24	138	170
24	138	171
24	138	172
24	138	173
24	138	174
24	138	175
24	138	176
24	138	177
24	139	158
24	139	159
24	139	160
24	139	161
24	139	162
24	139	163
24	139	164
24	139	165
24	139	166
24	139	167
24	139	168
24	139	169
24	139	170
24	139	171
24	139	172
24	139	173
24	139	174
24	139	175
24	139	176
24	139	177
24	140	158
24	140	159
24	140	160
24	140	161
24	140	162
24	140	163
24	140	164
24	140	165
24	140	166
24	140	167
24	140	168
24	140	169
24	140	170
24	140	171
24	140	172
24	140	173
24	140	174
24	140	175
24	140	176
24	140	177
24	141	158
24	141	159
24	141	160
24	141	161
24	141	162
24	141	163
24	141	164
24	141	165
24	141	166
24	141	167
24	141	168
24	141	169
24	141	170
24	141	171
24	141	172
24	141	173
24	141	174
24	141	175
24	141	176
24	141	177
24	142	158
24	142	159
24	142	160
24	142	161
24	142	162
24	142	163
24	142	164
24	142	165
24	142	166
24	142	167
24	142	168
24	142	169
24	142	170
24	142	171
24	142	172
24	142	173
24	142	174
24	142	175
24	142	176
24	142	177
24	143	158
24	143	159
24	143	160
24	143	161
24	143	162
24	143	163
24	143	164
24	143	165
24	143	166
24	143	167
24	143	168
24	143	169
24	143	170
24	143	171
24	143	172
24	143	173
24	143	174
24	143	175
24	143	176
24	143	177
24	144	158
24	144	159
24	144	160
24	144	161
24	144	162
24	144	163
24	144	164
24	144	165
24	144	166
24	144	167
24	144	168
24	144	169
24	144	170
24	144	171
24	144	172
24	144	173
24	144	174
24	144	175
24	144	176
24	144	177
24	145	159
24	145	160
24	145	161
24	145	162
24	145	163
24	145	164
24	145	165
24	145	166
24	145	167
24	145	168
24	145	169
24	145	170
24	145	171
24	145	172
24	145	173
24	145	174
24	145	175
24	145	176
24	145	177
24	146	159
24	146	160
24	146	161
24	146	162
24	146	163
24	146	164
24	146	165
24	146	166
24	146	167
24	146	168
24	146	169
24	146	170
24	146	171
24	146	172
24	146	173
24	146	174
24	146	175
24	146	176
24	146	177
24	147	160
24	147	161
24	147	162
24	147	163
24	147	164
24	147	165
24	147	166
24	147	167
24	147	168
24	147	169
24	147	170
24	147	171
24	147	172
24	147	173
24	147	174
24	147	175
24	147	176
24	147	177
24	148	160
24	148	161
24	148	162
24	148	163
24	148	164
24	148	165
24	148	166
24	148	167
24	148	168
24	148	169
24	148	170
24	148	171
24	148	172
24	148	173
24	148	174
24	148	175
24	148	176
24	148	177
24	149	160
24	149	161
24	149	162
24	149	163
24	149	164
24	149	165
24	149	166
24	149	167
24	149	168
24	149	169
24	149	170
24	149	171
24	149	172
24	149	173
24	149	174
24	149	175
24	149	176
24	149	177
24	150	161
24	150	162
24	150	163
24	150	164
24	150	165
24	150	166
24	150	167
24	150	168
24	150	169
24	150	170
24	150	171
24	150	172
24	150	173
24	150	174
24	150	175
24	150	176
24	150	177
24	151	162
24	151	163
24	151	164
24	151	165
24	151	166
24	151	167
24	151	168
24	151	169
24	151	170
24	151	171
24	151	172
24	151	173
24	151	174
24	151	175
24	151	176
24	151	177
24	152	163
24	152	164
24	152	165
24	152	166
24	152	167
24	152	168
24	152	169
24	152	170
24	152	171
24	152	172
24	152	173
24	152	174
24	152	175
24	152	176
24	152	177
24	153	165
24	153	166
24	153	167
24	153	168
24	153	169
24	153	170
24	153	171
24	153	172
24	153	173
24	153	174
24	153	175
24	153	176
24	153	177
24	154	165
24	154	166
24	154	167
24	154	168
24	154	169
24	154	170
24	154	171
24	154	172
24	154	173
24	154	174
24	154	175
24	154	176
24	154	177
24	155	166
24	155	167
24	155	168
24	155	169
24	155	170
24	155	171
24	155	172
24	155	173
24	155	174
24	155	175
24	155	176
24	155	177
24	156	167
24	156	168
24	156	169
24	156	170
24	156	171
24	156	172
24	156	173
24	156	174
24	156	175
24	156	176
24	156	177
24	157	168
24	157	169
24	157	170
24	157	171
24	157	172
24	157	173
24	157	174
24	157	175
24	157	176
24	157	177
24	158	169
24	158	170
24	158	171
24	158	172
24	158	173
24	158	174
24	158	175
24	158	176
24	158	177
24	159	171
24	159	172
24	159	173
24	159	174
24	159	175
24	159	176
24	159	177
24	160	172
24	160	173
24	160	174
24	160	175
24	160	176
24	160	177
24	161	173
24	161	174
24	161	175
24	161	176
24	161	177
24	162	176
24	197	209
24	197	210
24	197	211
24	197	212
24	197	213
24	197	214
24	197	215
24	198	209
24	198	210
24	198	211
24	198	212
24	198	213
24	198	214
24	198	215
24	199	209
24	199	210
24	199	211
24	199	212
24	199	213
24	199	214
24	199	215
24	200	209
24	200	210
24	200	211
24	200	212
24	200	213
24	200	214
24	200	215
24	201	209
24	201	210
24	201	211
24	201	212
24	201	213
24	201	214
24	201	215
24	202	210
24	202	211
24	202	212
24	202	213
24	202	214
24	202	215
24	203	210
24	203	211
24	203	212
24	203	213
24	203	214
24	203	215
24	204	211
24	204	212
24	204	213
24	204	214
24	204	215
24	205	212
24	205	213
24	205	214
24	205	215
24	206	212
24	206	213
24	206	214
24	206	215
24	216	238
24	216	239
24	216	240
24	216	241
24	216	242
24	217	238
24	217	239
24	217	240
24	217	241
24	217	242
24	218	238
24	218	239
24	218	240
24	218	241
24	218	242
24	219	237
24	219	238
24	219	239
24	219	240
24	219	241
24	219	242
24	220	237
24	220	238
24	220	239
24	220	240
24	220	241
24	220	242
24	221	237
24	221	238
24	221	239
24	221	240
24	221	241
24	221	242
24	222	237
24	222	238
24	222	239
24	222	240
24	222	241
24	222	242
24	223	237
24	223	238
24	223	239
24	223	240
24	223	241
24	223	242
24	224	237
24	224	238
24	224	239
24	224	240
24	224	241
24	224	242
24	225	237
24	225	238
24	225	239
24	225	240
24	225	241
24	225	242
24	226	238
24	226	239
24	226	240
24	226	241
24	226	242
24	227	238
24	227	239
24	227	240
24	227	241
24	227	242
24	228	238
24	228	239
24	228	240
24	228	241
24	228	242
24	229	238
24	229	239
24	229	240
24	229	241
24	229	242
24	230	238
24	230	239
24	230	240
24	230	241
24	230	242
24	231	239
24	231	240
24	231	241
24	231	242
24	232	239
24	232	240
24	232	241
24	232	242
24	233	240
24	233	241
24	233	242
24	234	240
24	234	241
24	234	242
24	235	242
24	246	270
24	246	271
24	246	273
24	247	271
24	247	273
24	248	270
24	248	271
24	248	273
24	249	270
24	249	271
24	249	273
24	250	270
24	250	271
24	250	272
24	250	273
24	251	270
24	251	271
24	251	272
24	251	273
24	252	270
24	252	271
24	252	272
24	252	273
24	253	268
24	253	270
24	253	271
24	253	272
24	253	273
24	254	270
24	254	271
24	254	272
24	254	273
24	255	270
24	255	271
24	255	272
24	255	273
24	256	270
24	256	271
24	256	272
24	256	273
24	257	268
24	257	269
24	257	270
24	257	271
24	257	272
24	257	273
24	258	270
24	258	271
24	258	272
24	258	273
24	274	306
24	274	307
24	275	306
24	275	307
24	277	306
24	277	307
24	278	305
24	278	306
24	278	307
24	279	304
24	279	305
24	279	306
24	279	307
24	280	304
24	280	305
24	280	306
24	280	307
24	281	304
24	281	305
24	281	306
24	281	307
24	282	304
24	282	305
24	282	306
24	282	307
24	283	304
24	283	305
24	283	306
24	283	307
24	284	304
24	284	305
24	284	306
24	284	307
24	285	304
24	285	305
24	285	306
24	285	307
24	286	304
24	286	305
24	286	306
24	286	307
24	287	304
24	287	305
24	287	306
24	287	307
24	288	303
24	288	304
24	288	305
24	288	306
24	288	307
24	289	304
24	289	305
24	289	306
24	289	307
24	290	304
24	290	305
24	290	306
24	290	307
24	291	304
24	291	305
24	291	306
24	291	307
24	292	304
24	292	305
24	292	306
24	292	307
24	293	304
24	293	305
24	293	306
24	293	307
24	294	304
24	294	305
24	294	306
24	294	307
24	295	305
24	295	306
24	295	307
24	296	305
24	296	306
24	296	307
24	308	328
24	308	329
24	308	330
24	308	331
24	309	327
24	309	328
24	309	329
24	309	330
24	309	331
24	310	329
24	310	330
24	310	331
24	311	329
24	311	330
24	311	331
24	312	330
24	312	331
24	313	329
24	313	330
24	313	331
24	314	329
24	314	330
24	314	331
24	315	329
24	315	330
24	315	331
24	316	329
24	316	330
24	316	331
24	317	329
24	317	330
24	317	331
24	318	329
24	318	330
24	318	331
24	319	329
24	319	330
24	319	331
24	320	329
24	320	330
24	320	331
24	321	329
24	321	330
24	321	331
24	322	331
24	323	330
24	323	331
24	333	359
24	333	360
24	334	358
24	334	359
24	334	360
24	335	357
24	335	358
24	335	359
24	335	360
24	336	355
24	336	356
24	336	357
24	336	358
24	336	359
24	336	360
24	337	353
24	337	354
24	337	355
24	337	356
24	337	357
24	337	358
24	337	359
24	337	360
24	338	353
24	338	354
24	338	355
24	338	356
24	338	357
24	338	358
24	338	359
24	338	360
24	339	353
24	339	354
24	339	355
24	339	356
24	339	357
24	339	358
24	339	359
24	339	360
24	340	353
24	340	354
24	340	355
24	340	356
24	340	357
24	340	358
24	340	359
24	340	360
24	341	353
24	341	354
24	341	355
24	341	356
24	341	357
24	341	358
24	341	359
24	341	360
24	342	352
24	342	353
24	342	354
24	342	355
24	342	356
24	342	357
24	342	358
24	342	359
24	342	360
24	343	352
24	343	353
24	343	354
24	343	355
24	343	356
24	343	357
24	343	358
24	343	359
24	343	360
24	344	353
24	344	354
24	344	355
24	344	356
24	344	357
24	344	358
24	344	359
24	344	360
24	345	353
24	345	354
24	345	355
24	345	356
24	345	357
24	345	358
24	345	359
24	345	360
24	346	352
24	346	353
24	346	354
24	346	355
24	346	356
24	346	357
24	346	358
24	346	359
24	346	360
24	347	353
24	347	354
24	347	355
24	347	356
24	347	357
24	347	358
24	347	359
24	347	360
24	348	354
24	348	355
24	348	356
24	348	357
24	348	358
24	348	359
24	348	360
24	349	355
24	349	356
24	349	357
24	349	358
24	349	359
24	349	360
24	350	356
24	350	357
24	350	358
24	350	359
24	350	360
24	351	357
24	351	358
24	351	359
24	351	360
24	352	358
24	352	359
24	352	360
24	353	359
24	353	360
24	361	388
24	362	386
24	362	387
24	362	388
24	363	385
24	363	386
24	363	387
24	363	388
24	364	383
24	364	384
24	364	385
24	364	386
24	364	387
24	364	388
24	365	380
24	365	381
24	365	382
24	365	383
24	365	384
24	365	385
24	365	386
24	365	387
24	365	388
24	366	379
24	366	380
24	366	381
24	366	382
24	366	383
24	366	384
24	366	385
24	366	386
24	366	387
24	366	388
24	367	379
24	367	380
24	367	381
24	367	382
24	367	383
24	367	384
24	367	385
24	367	386
24	367	387
24	367	388
24	368	379
24	368	380
24	368	381
24	368	382
24	368	383
24	368	384
24	368	385
24	368	386
24	368	387
24	368	388
24	369	379
24	369	380
24	369	381
24	369	382
24	369	383
24	369	384
24	369	385
24	369	386
24	369	387
24	369	388
24	370	379
24	370	380
24	370	381
24	370	382
24	370	383
24	370	384
24	370	385
24	370	386
24	370	387
24	370	388
24	371	379
24	371	380
24	371	381
24	371	382
24	371	383
24	371	384
24	371	385
24	371	386
24	371	387
24	371	388
24	372	379
24	372	380
24	372	381
24	372	382
24	372	383
24	372	384
24	372	385
24	372	386
24	372	387
24	372	388
24	373	379
24	373	380
24	373	381
24	373	382
24	373	383
24	373	384
24	373	385
24	373	386
24	373	387
24	373	388
24	374	379
24	374	380
24	374	381
24	374	382
24	374	383
24	374	384
24	374	385
24	374	386
24	374	387
24	374	388
24	375	380
24	375	381
24	375	382
24	375	383
24	375	384
24	375	385
24	375	386
24	375	387
24	375	388
24	376	381
24	376	382
24	376	383
24	376	384
24	376	385
24	376	386
24	376	387
24	376	388
24	377	382
24	377	383
24	377	384
24	377	385
24	377	386
24	377	387
24	377	388
24	378	383
24	378	384
24	378	385
24	378	386
24	378	387
24	378	388
24	379	384
24	379	385
24	379	386
24	379	387
24	379	388
24	380	385
24	380	386
24	380	387
24	380	388
24	381	386
24	381	387
24	381	388
24	414	430
24	415	427
24	415	428
24	415	429
24	415	430
24	416	426
24	416	427
24	416	428
24	416	429
24	416	430
24	417	426
24	417	427
24	417	428
24	417	429
24	417	430
24	418	426
24	418	427
24	418	428
24	418	429
24	418	430
24	419	426
24	419	427
24	419	428
24	419	429
24	419	430
24	420	426
24	420	427
24	420	428
24	420	429
24	420	430
24	421	426
24	421	427
24	421	428
24	421	429
24	421	430
24	422	426
24	422	427
24	422	428
24	422	429
24	422	430
24	423	426
24	423	427
24	423	428
24	423	429
24	423	430
24	424	427
24	424	428
24	424	429
24	424	430
24	425	428
24	425	429
24	425	430
24	426	431
24	426	432
24	426	433
24	426	434
24	427	431
24	427	432
24	427	433
24	427	434
24	428	432
24	428	433
24	428	434
24	429	433
24	429	434
24	439	455
24	439	456
24	439	457
24	439	458
24	439	459
24	440	455
24	440	456
24	440	457
24	440	458
24	440	459
24	441	454
24	441	455
24	441	456
24	441	457
24	441	458
24	441	459
24	442	454
24	442	455
24	442	456
24	442	457
24	442	458
24	442	459
24	443	454
24	443	455
24	443	456
24	443	457
24	443	458
24	443	459
24	444	454
24	444	455
24	444	456
24	444	457
24	444	458
24	444	459
24	445	454
24	445	455
24	445	456
24	445	457
24	445	458
24	445	459
24	446	454
24	446	455
24	446	456
24	446	457
24	446	458
24	446	459
24	447	450
24	447	451
24	447	452
24	447	453
24	447	454
24	447	455
24	447	456
24	447	457
24	447	458
24	447	459
24	448	454
24	448	455
24	448	456
24	448	457
24	448	458
24	448	459
24	449	456
24	449	457
24	449	458
24	449	459
24	450	457
24	450	458
24	450	459
24	451	457
24	451	458
24	451	459
24	452	457
24	452	458
24	452	459
24	453	457
24	453	458
24	453	459
24	483	494
24	483	495
24	483	496
24	483	497
24	483	498
24	484	496
24	484	497
24	484	498
24	485	496
24	485	497
24	485	498
24	486	496
24	486	497
24	486	498
24	487	496
24	487	497
24	487	498
24	488	496
24	488	497
24	488	498
24	489	496
24	489	497
24	489	498
24	490	496
24	490	497
24	490	498
24	491	496
24	491	498
24	492	496
24	493	496
24	493	497
24	493	498
24	494	498
24	499	507
24	499	508
24	499	509
24	499	510
24	500	508
24	500	509
24	500	510
24	501	509
24	501	510
24	502	509
24	502	510
24	503	509
24	503	510
24	504	508
24	504	509
24	504	510
24	505	508
24	505	509
24	505	510
24	506	509
24	506	510
24	511	521
24	512	521
24	526	540
24	526	541
24	526	542
24	526	543
24	526	544
24	526	545
24	527	540
24	527	541
24	527	542
24	527	543
24	527	544
24	527	545
24	528	541
24	528	542
24	528	543
24	528	544
24	528	545
24	529	542
24	529	543
24	529	544
24	529	545
24	530	541
24	530	542
24	530	543
24	530	544
24	530	545
24	531	541
24	531	542
24	531	543
24	531	544
24	531	545
24	532	541
24	532	542
24	532	543
24	532	544
24	532	545
24	533	541
24	533	542
24	533	543
24	533	544
24	533	545
24	534	541
24	534	542
24	534	543
24	534	544
24	534	545
24	535	541
24	535	542
24	535	543
24	535	544
24	535	545
24	536	542
24	536	543
24	536	544
24	536	545
24	569	590
24	569	591
24	570	587
24	570	588
24	570	589
24	570	590
24	570	591
24	571	587
24	571	588
24	571	589
24	571	590
24	571	591
24	572	587
24	572	588
24	572	589
24	572	590
24	572	591
24	573	587
24	573	588
24	573	589
24	573	590
24	573	591
24	574	587
24	574	588
24	574	589
24	574	590
24	574	591
24	575	587
24	575	588
24	575	589
24	575	590
24	575	591
24	576	587
24	576	588
24	576	589
24	576	590
24	576	591
24	577	587
24	577	588
24	577	589
24	577	590
24	577	591
24	578	587
24	578	588
24	578	589
24	578	590
24	578	591
24	579	587
24	579	588
24	579	589
24	579	590
24	579	591
24	580	588
24	580	589
24	580	590
24	580	591
24	581	588
24	581	589
24	581	590
24	581	591
24	582	588
24	582	589
24	582	590
24	582	591
24	583	589
24	583	590
24	583	591
24	584	590
24	584	591
24	595	615
24	595	616
24	596	614
24	596	615
24	596	616
24	597	613
24	597	614
24	597	615
24	597	616
24	598	613
24	598	614
24	598	615
24	598	616
24	599	613
24	599	614
24	599	615
24	599	616
24	600	613
24	600	614
24	600	615
24	600	616
24	601	613
24	601	614
24	601	615
24	601	616
24	602	613
24	602	614
24	602	615
24	602	616
24	603	613
24	603	614
24	603	615
24	603	616
24	604	613
24	604	614
24	604	615
24	604	616
24	605	613
24	605	614
24	605	615
24	605	616
24	606	613
24	606	614
24	606	615
24	606	616
24	607	613
24	607	614
24	607	615
24	607	616
24	608	613
24	608	614
24	608	615
24	608	616
24	609	614
24	609	615
24	609	616
24	610	615
24	610	616
24	617	634
24	617	635
24	617	636
24	617	637
24	618	634
24	618	635
24	618	636
24	618	637
24	619	634
24	619	635
24	619	636
24	619	637
24	620	634
24	620	635
24	620	636
24	620	637
24	621	634
24	621	635
24	621	636
24	621	637
24	622	634
24	622	635
24	622	636
24	622	637
24	623	634
24	623	635
24	623	636
24	623	637
24	624	634
24	624	635
24	624	636
24	624	637
24	625	634
24	625	635
24	625	636
24	625	637
24	626	634
24	626	635
24	626	636
24	626	637
24	627	634
24	627	635
24	627	636
24	627	637
24	628	634
24	628	635
24	628	636
24	628	637
24	629	635
24	629	636
24	629	637
24	630	635
24	630	636
24	630	637
24	631	637
24	719	731
24	720	730
24	720	731
24	721	730
24	721	731
24	722	729
24	722	730
24	722	731
24	723	730
24	723	731
24	1082	1087
24	1082	1088
24	1082	1089
24	1082	1090
24	1082	1091
24	1082	1092
24	1082	1093
24	1082	1094
24	1082	1095
24	1082	1096
24	1082	1097
24	1082	1098
24	1082	1099
24	1082	1100
24	1082	1101
24	1082	1102
24	1082	1103
24	1082	1104
24	1082	1105
24	1082	1106
24	1082	1107
24	1082	1108
24	1082	1109
24	1083	1087
24	1083	1088
24	1083	1089
24	1083	1090
24	1083	1091
24	1083	1092
24	1083	1093
24	1083	1094
24	1083	1095
24	1083	1096
24	1083	1097
24	1083	1098
24	1083	1099
24	1083	1100
24	1083	1101
24	1083	1102
24	1083	1103
24	1083	1104
24	1083	1105
24	1083	1106
24	1083	1107
24	1083	1108
24	1083	1109
24	1084	1087
24	1084	1088
24	1084	1089
24	1084	1090
24	1084	1091
24	1084	1092
24	1084	1093
24	1084	1094
24	1084	1095
24	1084	1096
24	1084	1097
24	1084	1098
24	1084	1099
24	1084	1100
24	1084	1101
24	1084	1102
24	1084	1103
24	1084	1104
24	1084	1105
24	1084	1106
24	1084	1107
24	1084	1108
24	1084	1109
24	1085	1087
24	1085	1088
24	1085	1089
24	1085	1090
24	1085	1091
24	1085	1092
24	1085	1093
24	1085	1094
24	1085	1095
24	1085	1096
24	1085	1097
24	1085	1098
24	1085	1099
24	1085	1100
24	1085	1101
24	1085	1102
24	1085	1103
24	1085	1104
24	1085	1105
24	1085	1106
24	1085	1107
24	1085	1108
24	1085	1109
24	1086	1090
24	1086	1091
24	1086	1092
24	1086	1096
24	1086	1097
24	1086	1100
24	1086	1101
24	1086	1105
24	1086	1106
24	1086	1109
25	190	203
25	190	204
25	190	205
25	190	206
25	190	207
25	190	208
25	190	209
25	190	210
25	190	211
25	190	212
25	190	213
25	191	203
25	191	204
25	191	205
25	191	206
25	191	207
25	191	208
25	191	209
25	191	210
25	191	211
25	191	212
25	191	213
25	192	203
25	192	204
25	192	205
25	192	206
25	192	207
25	192	208
25	192	209
25	192	210
25	192	211
25	192	212
25	192	213
25	193	203
25	193	204
25	193	205
25	193	206
25	193	207
25	193	208
25	193	209
25	193	210
25	193	211
25	193	212
25	193	213
25	194	203
25	194	204
25	194	205
25	194	206
25	194	207
25	194	208
25	194	209
25	194	210
25	194	211
25	194	212
25	194	213
25	195	204
25	195	205
25	195	206
25	195	207
25	195	208
25	195	209
25	195	210
25	195	211
25	195	212
25	195	213
25	196	204
25	196	205
25	196	206
25	196	207
25	196	208
25	196	209
25	196	210
25	196	211
25	196	212
25	196	213
25	197	204
25	197	205
25	197	206
25	197	207
25	197	208
25	197	209
25	197	210
25	197	211
25	197	212
25	197	213
25	198	204
25	198	205
25	198	206
25	198	207
25	198	208
25	198	209
25	198	210
25	198	211
25	198	212
25	198	213
25	199	205
25	199	206
25	199	207
25	199	208
25	199	209
25	199	210
25	199	211
25	199	212
25	199	213
25	200	206
25	200	207
25	200	208
25	200	209
25	200	210
25	200	211
25	200	212
25	200	213
25	201	206
25	201	207
25	201	208
25	201	209
25	201	210
25	201	211
25	201	212
25	201	213
25	202	207
25	202	208
25	202	209
25	202	210
25	202	211
25	202	212
25	202	213
25	203	208
25	203	209
25	203	210
25	203	211
25	203	212
25	203	213
25	204	209
25	204	210
25	204	211
25	204	212
25	204	213
25	205	210
25	205	211
25	205	212
25	205	213
25	206	211
25	206	212
25	206	213
25	215	240
25	215	241
25	216	239
25	216	240
25	216	241
25	217	239
25	218	239
25	219	239
25	220	239
25	221	239
25	221	240
25	222	236
25	222	237
25	222	238
25	222	239
25	222	240
25	222	241
25	223	232
25	223	235
25	223	236
25	223	237
25	223	238
25	223	239
25	223	240
25	223	241
25	224	232
25	224	233
25	224	235
25	224	236
25	224	237
25	224	238
25	224	239
25	224	240
25	224	241
25	225	235
25	225	236
25	225	237
25	225	238
25	225	239
25	225	240
25	225	241
25	226	236
25	226	237
25	226	238
25	226	239
25	226	240
25	226	241
25	227	232
25	227	233
25	227	234
25	227	235
25	227	236
25	227	237
25	227	238
25	227	239
25	227	240
25	227	241
25	228	232
25	228	236
25	228	237
25	228	238
25	228	239
25	228	240
25	228	241
25	229	239
25	229	240
25	229	241
25	230	239
25	231	239
25	232	239
25	233	239
25	234	239
25	235	239
25	386	437
25	386	438
25	387	436
25	387	437
25	387	438
25	388	437
25	388	438
25	389	436
25	389	437
25	389	438
25	390	436
25	390	437
25	390	438
25	391	436
25	391	437
25	391	438
25	392	436
25	392	437
25	392	438
25	393	435
25	393	436
25	393	437
25	393	438
25	394	436
25	394	437
25	394	438
25	395	436
25	395	437
25	395	438
25	396	436
25	396	437
25	396	438
25	397	436
25	397	437
25	397	438
25	398	436
25	398	437
25	398	438
25	399	436
25	399	437
25	399	438
25	400	436
25	400	437
25	400	438
25	401	436
25	401	437
25	401	438
25	402	435
25	402	436
25	402	437
25	402	438
25	403	436
25	403	437
25	403	438
25	404	435
25	404	436
25	404	437
25	404	438
25	405	436
25	405	437
25	405	438
25	406	436
25	406	437
25	406	438
25	407	436
25	407	437
25	407	438
25	408	436
25	408	437
25	408	438
25	409	435
25	409	436
25	409	437
25	409	438
25	410	436
25	410	437
25	410	438
25	411	436
25	411	437
25	411	438
25	412	436
25	412	437
25	412	438
25	413	435
25	413	436
25	413	437
25	413	438
25	414	436
25	414	437
25	414	438
25	415	436
25	415	437
25	415	438
25	416	436
25	416	437
25	416	438
25	417	436
25	417	437
25	417	438
25	418	436
25	418	437
25	418	438
25	419	436
25	419	437
25	419	438
25	420	436
25	420	437
25	420	438
25	421	436
25	421	437
25	421	438
25	422	436
25	422	437
25	422	438
25	423	436
25	423	437
25	423	438
25	424	435
25	424	436
25	424	437
25	424	438
25	425	436
25	425	437
25	425	438
25	426	436
25	426	437
25	426	438
25	427	436
25	427	437
25	427	438
25	428	436
25	428	437
25	428	438
25	429	436
25	429	437
25	429	438
25	430	436
25	430	437
25	430	438
25	431	437
25	431	438
25	432	436
25	432	437
25	432	438
25	439	465
25	439	466
25	440	464
25	440	465
25	440	466
25	441	463
25	441	464
25	441	465
25	441	466
25	442	462
25	442	463
25	442	464
25	442	465
25	442	466
25	443	461
25	443	462
25	443	463
25	443	464
25	443	465
25	443	466
25	444	460
25	444	461
25	444	462
25	444	463
25	444	464
25	444	465
25	444	466
25	445	459
25	445	460
25	445	461
25	445	462
25	445	463
25	445	464
25	445	465
25	445	466
25	446	460
25	446	461
25	446	462
25	446	463
25	446	464
25	446	465
25	446	466
25	447	460
25	447	461
25	447	462
25	447	463
25	447	464
25	447	465
25	447	466
25	448	460
25	448	461
25	448	462
25	448	463
25	448	464
25	448	465
25	448	466
25	449	459
25	449	460
25	449	461
25	449	462
25	449	463
25	449	464
25	449	465
25	449	466
25	450	459
25	450	460
25	450	461
25	450	462
25	450	463
25	450	464
25	450	465
25	450	466
25	451	459
25	451	460
25	451	461
25	451	462
25	451	463
25	451	464
25	451	465
25	451	466
25	452	459
25	452	460
25	452	461
25	452	462
25	452	463
25	452	464
25	452	465
25	452	466
25	453	459
25	453	460
25	453	461
25	453	462
25	453	463
25	453	464
25	453	465
25	453	466
25	454	459
25	454	460
25	454	461
25	454	462
25	454	463
25	454	464
25	454	465
25	454	466
25	455	459
25	455	460
25	455	461
25	455	462
25	455	463
25	455	464
25	455	465
25	455	466
25	456	461
25	456	462
25	456	463
25	456	464
25	456	465
25	456	466
25	457	461
25	457	462
25	457	463
25	457	464
25	457	465
25	457	466
25	458	463
25	458	464
25	458	465
25	458	466
25	459	463
25	459	464
25	459	465
25	459	466
25	460	464
25	460	465
25	460	466
25	488	514
25	488	515
25	488	516
25	489	511
25	489	512
25	489	513
25	489	514
25	489	515
25	489	516
25	490	509
25	490	510
25	490	511
25	490	512
25	490	513
25	490	514
25	490	515
25	490	516
25	491	509
25	491	510
25	491	511
25	491	512
25	491	513
25	491	514
25	491	515
25	491	516
25	492	509
25	492	510
25	492	511
25	492	512
25	492	513
25	492	514
25	492	515
25	492	516
25	493	510
25	493	511
25	493	512
25	493	513
25	493	514
25	493	515
25	493	516
25	494	508
25	494	509
25	494	510
25	494	511
25	494	512
25	494	513
25	494	514
25	494	515
25	494	516
25	495	509
25	495	510
25	495	511
25	495	512
25	495	513
25	495	514
25	495	515
25	495	516
25	496	509
25	496	510
25	496	511
25	496	512
25	496	513
25	496	514
25	496	515
25	496	516
25	497	509
25	497	510
25	497	511
25	497	512
25	497	513
25	497	514
25	497	515
25	497	516
25	498	509
25	498	510
25	498	511
25	498	512
25	498	513
25	498	514
25	498	515
25	498	516
25	499	509
25	499	510
25	499	511
25	499	512
25	499	513
25	499	514
25	499	515
25	499	516
25	500	509
25	500	510
25	500	511
25	500	512
25	500	513
25	500	514
25	500	515
25	500	516
25	501	509
25	501	510
25	501	511
25	501	512
25	501	513
25	501	514
25	501	515
25	501	516
25	502	511
25	502	512
25	502	513
25	502	514
25	502	515
25	502	516
25	503	513
25	503	514
25	503	515
25	503	516
25	520	548
25	520	549
25	521	546
25	521	547
25	521	548
25	521	549
25	522	544
25	522	545
25	522	546
25	522	547
25	522	548
25	522	549
25	523	543
25	523	544
25	523	545
25	523	546
25	523	547
25	523	548
25	523	549
25	524	543
25	524	544
25	524	545
25	524	546
25	524	547
25	524	548
25	524	549
25	525	543
25	525	544
25	525	545
25	525	546
25	525	547
25	525	548
25	525	549
25	526	543
25	526	544
25	526	545
25	526	546
25	526	547
25	526	548
25	526	549
25	527	543
25	527	544
25	527	545
25	527	546
25	527	547
25	527	548
25	527	549
25	528	543
25	528	544
25	528	545
25	528	546
25	528	547
25	528	548
25	528	549
25	529	543
25	529	544
25	529	545
25	529	546
25	529	547
25	529	548
25	529	549
25	530	543
25	530	544
25	530	545
25	530	546
25	530	547
25	530	548
25	530	549
25	531	543
25	531	544
25	531	545
25	531	546
25	531	547
25	531	548
25	531	549
25	532	543
25	532	544
25	532	545
25	532	546
25	532	547
25	532	548
25	532	549
25	533	543
25	533	544
25	533	545
25	533	546
25	533	547
25	533	548
25	533	549
25	534	543
25	534	544
25	534	545
25	534	546
25	534	547
25	534	548
25	534	549
25	535	543
25	535	544
25	535	545
25	535	546
25	535	547
25	535	548
25	535	549
25	536	543
25	536	544
25	536	545
25	536	546
25	536	547
25	536	548
25	536	549
25	537	543
25	537	544
25	537	545
25	537	546
25	537	547
25	537	548
25	537	549
25	538	543
25	538	544
25	538	545
25	538	546
25	538	547
25	538	548
25	538	549
25	539	543
25	539	544
25	539	545
25	539	546
25	539	547
25	539	548
25	539	549
25	540	543
25	540	544
25	540	545
25	540	546
25	540	547
25	540	548
25	540	549
25	541	544
25	541	545
25	541	546
25	541	547
25	541	548
25	541	549
25	542	544
25	542	545
25	542	546
25	542	547
25	542	548
25	542	549
25	543	546
25	543	547
25	543	548
25	543	549
25	544	547
25	544	548
25	544	549
25	553	584
25	553	585
25	553	586
25	553	587
25	554	582
25	554	583
25	554	584
25	554	585
25	554	586
25	554	587
25	555	580
25	555	581
25	555	582
25	555	583
25	555	584
25	555	585
25	555	586
25	555	587
25	556	577
25	556	578
25	556	579
25	556	580
25	556	581
25	556	582
25	556	583
25	556	584
25	556	585
25	556	586
25	556	587
25	557	575
25	557	576
25	557	577
25	557	578
25	557	579
25	557	580
25	557	581
25	557	582
25	557	583
25	557	584
25	557	585
25	557	586
25	557	587
25	558	575
25	558	576
25	558	577
25	558	578
25	558	579
25	558	580
25	558	581
25	558	582
25	558	583
25	558	584
25	558	585
25	558	586
25	558	587
25	559	574
25	559	575
25	559	576
25	559	577
25	559	578
25	559	579
25	559	580
25	559	581
25	559	582
25	559	583
25	559	584
25	559	585
25	559	586
25	559	587
25	560	574
25	560	575
25	560	576
25	560	577
25	560	578
25	560	579
25	560	580
25	560	581
25	560	582
25	560	583
25	560	584
25	560	585
25	560	586
25	560	587
25	561	575
25	561	576
25	561	577
25	561	578
25	561	579
25	561	580
25	561	581
25	561	582
25	561	583
25	561	584
25	561	585
25	561	586
25	561	587
25	562	575
25	562	576
25	562	577
25	562	578
25	562	579
25	562	580
25	562	581
25	562	582
25	562	583
25	562	584
25	562	585
25	562	586
25	562	587
25	563	575
25	563	576
25	563	577
25	563	578
25	563	579
25	563	580
25	563	581
25	563	582
25	563	583
25	563	584
25	563	585
25	563	586
25	563	587
25	564	575
25	564	576
25	564	577
25	564	578
25	564	579
25	564	580
25	564	581
25	564	582
25	564	583
25	564	584
25	564	585
25	564	586
25	564	587
25	565	575
25	565	576
25	565	577
25	565	578
25	565	579
25	565	580
25	565	581
25	565	582
25	565	583
25	565	584
25	565	585
25	565	586
25	565	587
25	566	575
25	566	576
25	566	577
25	566	578
25	566	579
25	566	580
25	566	581
25	566	582
25	566	583
25	566	584
25	566	585
25	566	586
25	566	587
25	567	578
25	567	579
25	567	580
25	567	581
25	567	582
25	567	583
25	567	584
25	567	585
25	567	586
25	567	587
25	568	578
25	568	579
25	568	580
25	568	581
25	568	582
25	568	583
25	568	584
25	568	585
25	568	586
25	568	587
25	569	578
25	569	579
25	569	580
25	569	581
25	569	582
25	569	583
25	569	584
25	569	585
25	569	586
25	569	587
25	570	579
25	570	580
25	570	581
25	570	582
25	570	583
25	570	584
25	570	585
25	570	586
25	570	587
25	571	580
25	571	581
25	571	582
25	571	583
25	571	584
25	571	585
25	571	586
25	571	587
25	572	580
25	572	581
25	572	582
25	572	583
25	572	584
25	572	585
25	572	586
25	572	587
25	573	581
25	573	582
25	573	583
25	573	584
25	573	585
25	573	586
25	573	587
25	574	581
25	574	582
25	574	583
25	574	584
25	574	585
25	574	586
25	574	587
25	575	582
25	575	583
25	575	584
25	575	585
25	575	586
25	575	587
25	576	583
25	576	584
25	576	585
25	576	586
25	576	587
25	577	584
25	577	585
25	577	586
25	577	587
25	578	585
25	578	586
25	578	587
25	579	586
25	579	587
25	580	586
25	580	587
25	581	586
25	581	587
25	582	586
25	582	587
25	600	606
25	600	607
25	600	608
25	600	609
25	600	610
25	600	611
25	601	607
25	601	608
25	601	609
25	601	610
25	601	611
25	602	608
25	602	609
25	602	610
25	602	611
25	603	609
25	603	610
25	603	611
25	604	611
25	615	636
25	615	637
25	615	638
25	616	634
25	616	635
25	616	636
25	616	637
25	616	638
25	617	632
25	617	633
25	617	634
25	617	635
25	617	636
25	617	637
25	617	638
25	618	632
25	618	633
25	618	634
25	618	635
25	618	636
25	618	637
25	618	638
25	619	632
25	619	633
25	619	634
25	619	635
25	619	636
25	619	637
25	619	638
25	620	632
25	620	633
25	620	634
25	620	635
25	620	636
25	620	637
25	620	638
25	621	632
25	621	633
25	621	634
25	621	635
25	621	636
25	621	637
25	621	638
25	622	632
25	622	633
25	622	634
25	622	635
25	622	636
25	622	637
25	622	638
25	623	632
25	623	633
25	623	634
25	623	635
25	623	636
25	623	637
25	623	638
25	624	632
25	624	633
25	624	634
25	624	635
25	624	636
25	624	637
25	624	638
25	625	632
25	625	633
25	625	634
25	625	635
25	625	636
25	625	637
25	625	638
25	626	633
25	626	634
25	626	635
25	626	636
25	626	637
25	626	638
25	627	633
25	627	634
25	627	635
25	627	636
25	627	637
25	627	638
25	628	634
25	628	635
25	628	636
25	628	637
25	628	638
25	629	635
25	629	636
25	629	637
25	629	638
25	630	636
25	630	637
25	630	638
25	631	638
25	647	656
25	647	657
25	647	658
25	648	656
25	648	657
25	648	658
25	649	657
25	649	658
25	661	685
25	661	686
25	662	680
25	662	681
25	662	682
25	662	683
25	662	684
25	662	685
25	662	686
25	663	678
25	663	679
25	663	680
25	663	681
25	663	682
25	663	683
25	663	684
25	663	685
25	663	686
25	664	677
25	664	678
25	664	679
25	664	680
25	664	681
25	664	682
25	664	683
25	664	684
25	664	685
25	664	686
25	665	677
25	665	678
25	665	679
25	665	680
25	665	681
25	665	682
25	665	683
25	665	684
25	665	685
25	665	686
25	666	677
25	666	678
25	666	679
25	666	680
25	666	681
25	666	682
25	666	683
25	666	684
25	666	685
25	666	686
25	667	677
25	667	678
25	667	679
25	667	680
25	667	681
25	667	682
25	667	683
25	667	684
25	667	685
25	667	686
25	668	677
25	668	678
25	668	679
25	668	680
25	668	681
25	668	682
25	668	683
25	668	684
25	668	685
25	668	686
25	669	677
25	669	678
25	669	679
25	669	680
25	669	681
25	669	682
25	669	683
25	669	684
25	669	685
25	669	686
25	670	677
25	670	678
25	670	679
25	670	680
25	670	681
25	670	682
25	670	683
25	670	684
25	670	685
25	670	686
25	671	678
25	671	679
25	671	680
25	671	681
25	671	682
25	671	683
25	671	684
25	671	685
25	671	686
25	672	679
25	672	680
25	672	681
25	672	682
25	672	683
25	672	684
25	672	685
25	672	686
25	673	682
25	673	683
25	673	684
25	673	685
25	673	686
25	726	743
25	726	745
25	726	746
25	726	747
25	726	748
25	727	743
25	727	744
25	727	745
25	727	746
25	727	747
25	727	748
25	728	743
25	728	744
25	728	745
25	728	746
25	728	747
25	728	748
25	729	743
25	729	745
25	729	746
25	729	747
25	729	748
25	730	743
25	730	745
25	730	746
25	730	747
25	730	748
25	731	738
25	731	739
25	731	740
25	731	741
25	731	742
25	731	743
25	731	744
25	731	745
25	731	746
25	731	747
25	731	748
25	732	739
25	732	740
25	732	741
25	732	742
25	732	743
25	732	744
25	732	745
25	732	746
25	732	747
25	732	748
25	733	745
25	733	746
25	733	747
25	733	748
25	754	772
25	755	772
25	756	772
25	757	772
25	758	772
25	759	772
25	760	772
25	761	772
25	761	773
25	762	772
25	763	772
25	763	773
25	764	772
26	140	184
26	140	185
26	140	186
26	140	187
26	140	188
26	140	189
26	140	190
26	140	191
26	140	192
26	140	193
26	141	184
26	141	185
26	141	186
26	141	187
26	141	188
26	141	189
26	141	190
26	141	191
26	141	192
26	141	193
26	142	184
26	142	185
26	142	186
26	142	187
26	142	188
26	142	189
26	142	190
26	142	191
26	142	192
26	142	193
26	143	180
26	143	182
26	143	183
26	143	184
26	143	185
26	143	186
26	143	187
26	143	188
26	143	189
26	143	190
26	143	191
26	143	192
26	143	193
26	144	182
26	144	183
26	144	184
26	144	185
26	144	186
26	144	187
26	144	188
26	144	189
26	144	190
26	144	191
26	144	192
26	144	193
26	145	184
26	145	185
26	145	186
26	145	187
26	145	188
26	145	189
26	145	190
26	145	191
26	145	192
26	145	193
26	146	185
26	146	186
26	146	187
26	146	188
26	146	189
26	146	190
26	146	191
26	146	192
26	146	193
26	147	179
26	147	180
26	147	181
26	147	182
26	147	183
26	147	184
26	147	185
26	147	186
26	147	187
26	147	188
26	147	189
26	147	190
26	147	191
26	147	192
26	147	193
26	148	183
26	148	184
26	148	185
26	148	186
26	148	187
26	148	188
26	148	189
26	148	190
26	148	191
26	148	192
26	148	193
26	149	183
26	149	184
26	149	185
26	149	186
26	149	187
26	149	188
26	149	189
26	149	190
26	149	191
26	149	192
26	149	193
26	150	185
26	150	186
26	150	187
26	150	188
26	150	189
26	150	190
26	150	191
26	150	192
26	150	193
26	151	185
26	151	186
26	151	187
26	151	188
26	151	189
26	151	190
26	151	191
26	151	192
26	151	193
26	152	183
26	152	184
26	152	185
26	152	186
26	152	187
26	152	188
26	152	189
26	152	190
26	152	191
26	152	192
26	152	193
26	153	187
26	153	188
26	153	189
26	153	190
26	153	191
26	153	192
26	153	193
26	154	187
26	154	188
26	154	189
26	154	190
26	154	191
26	154	192
26	154	193
26	155	187
26	155	188
26	155	189
26	155	190
26	155	191
26	155	192
26	155	193
26	156	187
26	156	188
26	156	189
26	156	190
26	156	191
26	156	192
26	156	193
26	157	187
26	157	188
26	157	189
26	157	190
26	157	191
26	157	192
26	157	193
26	158	187
26	158	188
26	158	189
26	158	190
26	158	191
26	158	192
26	158	193
26	159	187
26	159	188
26	159	189
26	159	190
26	159	191
26	159	192
26	159	193
26	160	187
26	160	188
26	160	189
26	160	190
26	160	191
26	160	192
26	160	193
26	161	187
26	161	188
26	161	189
26	161	190
26	161	191
26	161	192
26	161	193
26	162	187
26	162	188
26	162	189
26	162	190
26	162	191
26	162	192
26	162	193
26	163	186
26	163	187
26	163	188
26	163	189
26	163	190
26	163	191
26	163	192
26	163	193
26	164	187
26	164	188
26	164	189
26	164	190
26	164	191
26	164	192
26	164	193
26	165	187
26	165	188
26	165	189
26	165	190
26	165	191
26	165	192
26	165	193
26	166	187
26	166	188
26	166	189
26	166	190
26	166	191
26	166	192
26	166	193
26	167	186
26	167	187
26	167	188
26	167	189
26	167	190
26	167	191
26	167	192
26	167	193
26	168	186
26	168	187
26	168	188
26	168	189
26	168	190
26	168	191
26	168	192
26	168	193
26	169	187
26	169	188
26	169	189
26	169	190
26	169	191
26	169	192
26	169	193
26	170	187
26	170	188
26	170	189
26	170	190
26	170	191
26	170	192
26	170	193
26	171	187
26	171	188
26	171	189
26	171	190
26	171	191
26	171	192
26	171	193
26	172	187
26	172	188
26	172	189
26	172	190
26	172	191
26	172	192
26	172	193
26	173	187
26	173	188
26	173	189
26	173	190
26	173	191
26	173	192
26	173	193
26	174	188
26	174	189
26	174	190
26	174	191
26	174	192
26	174	193
26	175	188
26	175	189
26	175	190
26	175	191
26	175	192
26	175	193
26	176	188
26	176	189
26	176	190
26	176	191
26	176	192
26	176	193
26	177	188
26	177	189
26	177	190
26	177	191
26	177	192
26	177	193
26	178	189
26	178	190
26	178	191
26	178	192
26	178	193
26	179	189
26	179	190
26	179	191
26	179	192
26	179	193
26	180	189
26	180	190
26	180	191
26	180	192
26	180	193
26	181	190
26	181	191
26	181	192
26	181	193
26	182	190
26	182	191
26	182	192
26	182	193
26	183	191
26	183	192
26	183	193
26	184	192
26	184	193
26	185	193
26	215	239
26	215	240
26	216	239
26	216	240
26	217	239
26	217	240
26	218	239
26	218	240
26	219	239
26	219	240
26	302	317
26	305	317
26	306	317
26	307	317
26	308	317
26	309	317
26	310	317
26	429	439
26	429	440
26	430	439
26	430	440
26	431	439
26	431	440
26	432	440
26	441	460
26	441	461
26	442	459
26	442	460
26	442	461
26	443	458
26	443	459
26	443	460
26	443	461
26	444	458
26	444	459
26	444	460
26	444	461
26	445	456
26	445	458
26	445	459
26	445	460
26	445	461
26	446	456
26	446	457
26	446	458
26	446	459
26	446	460
26	446	461
26	447	458
26	447	459
26	447	460
26	447	461
26	448	456
26	448	457
26	448	458
26	448	459
26	448	460
26	448	461
26	449	456
26	449	457
26	449	458
26	449	459
26	449	460
26	449	461
26	450	458
26	450	459
26	450	460
26	450	461
26	451	458
26	451	459
26	451	460
26	451	461
26	452	457
26	452	458
26	452	459
26	452	460
26	452	461
26	453	460
26	453	461
26	454	458
26	454	459
26	454	460
26	454	461
26	472	483
26	472	484
26	472	485
26	472	486
26	473	484
26	473	485
26	473	486
26	474	484
26	474	485
26	474	486
26	475	484
26	475	485
26	475	486
26	476	484
26	476	485
26	476	486
26	477	484
26	477	485
26	477	486
26	478	485
26	478	486
26	479	484
26	479	485
26	479	486
26	480	486
26	489	520
26	490	517
26	490	518
26	490	519
26	490	520
26	491	515
26	491	516
26	491	517
26	491	518
26	491	519
26	491	520
26	492	514
26	492	515
26	492	516
26	492	517
26	492	518
26	492	519
26	492	520
26	493	512
26	493	513
26	493	514
26	493	515
26	493	516
26	493	517
26	493	518
26	493	519
26	493	520
26	494	512
26	494	513
26	494	514
26	494	515
26	494	516
26	494	517
26	494	518
26	494	519
26	494	520
26	495	512
26	495	513
26	495	514
26	495	515
26	495	516
26	495	517
26	495	518
26	495	519
26	495	520
26	496	512
26	496	513
26	496	514
26	496	515
26	496	516
26	496	517
26	496	518
26	496	519
26	496	520
26	497	512
26	497	513
26	497	514
26	497	515
26	497	516
26	497	517
26	497	518
26	497	519
26	497	520
26	498	512
26	498	513
26	498	514
26	498	515
26	498	516
26	498	517
26	498	518
26	498	519
26	498	520
26	499	512
26	499	513
26	499	514
26	499	515
26	499	516
26	499	517
26	499	518
26	499	519
26	499	520
26	500	512
26	500	513
26	500	514
26	500	515
26	500	516
26	500	517
26	500	518
26	500	519
26	500	520
26	501	512
26	501	513
26	501	514
26	501	515
26	501	516
26	501	517
26	501	518
26	501	519
26	501	520
26	502	512
26	502	513
26	502	514
26	502	515
26	502	516
26	502	517
26	502	518
26	502	519
26	502	520
26	503	512
26	503	513
26	503	514
26	503	515
26	503	516
26	503	517
26	503	518
26	503	519
26	503	520
26	504	512
26	504	513
26	504	514
26	504	515
26	504	516
26	504	517
26	504	518
26	504	519
26	504	520
26	505	513
26	505	514
26	505	515
26	505	516
26	505	517
26	505	518
26	505	519
26	505	520
26	506	513
26	506	514
26	506	515
26	506	516
26	506	517
26	506	518
26	506	519
26	506	520
26	507	513
26	507	514
26	507	515
26	507	516
26	507	517
26	507	518
26	507	519
26	507	520
26	508	514
26	508	515
26	508	516
26	508	517
26	508	518
26	508	519
26	508	520
26	509	516
26	509	517
26	509	518
26	509	519
26	509	520
26	510	520
26	536	560
26	536	561
26	537	561
26	538	560
26	538	561
26	538	562
26	539	560
26	539	561
26	540	561
26	541	561
26	542	561
26	543	560
26	543	561
26	543	562
26	544	560
26	544	561
26	544	562
26	545	560
26	545	561
26	545	562
26	546	560
26	546	561
26	546	562
26	547	560
26	547	561
26	547	562
26	548	560
26	548	561
26	548	562
26	549	560
26	549	561
26	549	562
26	550	561
26	575	589
26	575	590
26	576	589
26	576	590
26	577	588
26	577	589
26	578	589
26	579	589
26	579	590
26	580	589
26	608	631
26	608	632
26	609	631
26	609	632
26	611	628
26	611	631
26	611	632
26	612	628
26	612	631
26	614	628
26	614	631
26	614	632
26	615	631
26	618	628
26	697	717
26	697	718
26	698	716
26	698	717
26	698	718
26	699	715
26	699	716
26	699	717
26	699	718
26	700	714
26	700	715
26	700	716
26	700	717
26	700	718
26	701	714
26	701	715
26	701	716
26	701	717
26	701	718
26	702	714
26	702	715
26	702	716
26	702	717
26	702	718
26	703	714
26	703	715
26	703	716
26	703	717
26	703	718
26	704	714
26	704	715
26	704	716
26	704	717
26	704	718
26	705	714
26	705	715
26	705	716
26	705	717
26	705	718
26	706	714
26	706	715
26	706	716
26	706	717
26	706	718
26	707	714
26	707	715
26	707	716
26	707	717
26	707	718
26	708	714
26	708	715
26	708	716
26	708	717
26	708	718
26	709	714
26	709	715
26	709	716
26	709	717
26	709	718
26	710	715
26	710	716
26	710	717
26	710	718
26	711	715
26	711	716
26	711	717
26	711	718
26	712	716
26	712	717
26	712	718
26	721	738
26	722	736
26	722	737
26	722	738
26	723	736
26	723	737
26	723	738
26	724	736
26	724	737
26	724	738
26	725	736
26	725	737
26	725	738
26	726	736
26	726	737
26	726	738
26	727	735
26	727	736
26	727	737
26	727	738
26	728	735
26	728	736
26	728	737
26	728	738
26	729	736
26	729	737
26	729	738
26	730	736
26	730	737
26	730	738
26	731	736
26	731	737
26	731	738
26	732	737
26	732	738
26	733	738
26	741	763
26	742	761
26	742	763
26	743	761
26	743	762
26	743	763
26	744	760
26	744	761
26	744	762
26	744	763
26	745	759
26	745	760
26	745	761
26	745	762
26	745	763
26	746	759
26	746	760
26	746	761
26	746	762
26	746	763
26	747	759
26	747	760
26	747	761
26	747	762
26	747	763
26	748	760
26	748	761
26	748	762
26	748	763
26	749	759
26	749	760
26	749	761
26	749	762
26	749	763
26	750	759
26	750	760
26	750	761
26	750	762
26	750	763
26	751	759
26	751	760
26	751	761
26	751	762
26	751	763
26	752	760
26	752	761
26	752	762
26	752	763
26	753	759
26	753	760
26	753	761
26	753	762
26	753	763
26	754	759
26	754	760
26	754	761
26	754	762
26	754	763
26	755	760
26	755	761
26	755	762
26	755	763
26	756	761
26	756	762
26	756	763
26	757	763
26	758	763
26	759	763
26	774	783
26	774	784
26	774	785
26	774	786
26	774	787
26	774	788
26	774	789
26	774	790
26	774	791
26	775	783
26	775	784
26	775	785
26	775	786
26	775	787
26	775	788
26	775	789
26	775	790
26	775	791
26	776	783
26	776	784
26	776	785
26	776	786
26	776	787
26	776	788
26	776	789
26	776	790
26	776	791
26	777	783
26	777	784
26	777	785
26	777	786
26	777	787
26	777	788
26	777	789
26	777	790
26	777	791
26	778	783
26	778	784
26	778	785
26	778	786
26	778	787
26	778	788
26	778	789
26	778	790
26	778	791
26	779	783
26	779	784
26	779	785
26	779	786
26	779	787
26	779	788
26	779	789
26	779	790
26	779	791
26	780	785
26	780	786
26	780	787
26	780	788
26	780	789
26	780	790
26	780	791
26	781	788
26	781	789
26	781	790
26	781	791
26	782	788
26	782	789
26	782	790
26	782	791
26	783	788
26	783	789
26	783	790
26	783	791
26	784	788
26	784	789
26	784	790
26	784	791
26	785	790
26	785	791
