565	220	473	224
565	220	467	224
565	220	460	224
565	220	454	223
565	220	448	223
565	220	443	223
565	220	439	223
565	220	435	222
565	220	431	221
565	220	429	221
565	220	428	221
563	220	473	224
563	220	467	224
563	220	460	224
563	220	454	223
563	220	448	223
563	220	443	223
563	220	439	223
563	220	435	222
563	220	431	221
563	220	429	221
563	220	428	221
559	220	473	224
559	220	467	224
559	220	460	224
559	220	454	223
559	220	448	223
559	220	443	223
559	220	439	223
559	220	435	222
559	220	431	221
559	220	429	221
559	220	428	221
554	221	479	223
554	221	473	224
554	221	467	224
554	221	460	224
554	221	454	223
554	221	448	223
554	221	443	223
554	221	439	223
554	221	435	222
554	221	431	221
554	221	429	221
554	221	428	221
547	221	473	224
547	221	467	224
547	221	460	224
547	221	454	223
547	221	448	223
547	221	443	223
547	221	439	223
547	221	435	222
547	221	431	221
547	221	429	221
547	221	428	221
539	221	473	224
539	221	467	224
539	221	460	224
539	221	454	223
539	221	448	223
539	221	443	223
539	221	439	223
539	221	435	222
539	221	431	221
539	221	429	221
539	221	428	221
531	221	479	223
531	221	473	224
531	221	467	224
531	221	460	224
531	221	454	223
531	221	448	223
531	221	443	223
531	221	439	223
531	221	435	222
531	221	431	221
531	221	429	221
531	221	428	221
524	221	473	224
524	221	467	224
524	221	460	224
524	221	454	223
524	221	448	223
524	221	443	223
524	221	439	223
524	221	435	222
524	221	431	221
524	221	429	221
524	221	428	221
518	222	473	224
518	222	467	224
518	222	460	224
518	222	454	223
518	222	448	223
518	222	443	223
518	222	439	223
518	222	435	222
518	222	431	221
518	222	429	221
518	222	428	221
513	222	467	224
513	222	460	224
513	222	454	223
513	222	448	223
513	222	443	223
513	222	439	223
513	222	435	222
513	222	431	221
513	222	429	221
513	222	428	221
508	222	467	224
508	222	460	224
508	222	454	223
508	222	448	223
508	222	443	223
508	222	439	223
508	222	435	222
508	222	431	221
508	222	429	221
508	222	428	221
505	222	460	224
505	222	454	223
505	222	448	223
505	222	443	223
505	222	439	223
505	222	435	222
505	222	431	221
505	222	429	221
505	222	428	221
501	223	460	224
501	223	454	223
501	223	448	223
501	223	443	223
501	223	439	223
501	223	435	222
501	223	431	221
501	223	429	221
501	223	428	221
496	223	454	223
496	223	448	223
496	223	443	223
496	223	439	223
496	223	435	222
496	223	431	221
496	223	429	221
496	223	428	221
491	223	448	223
491	223	443	223
491	223	439	223
491	223	435	222
491	223	431	221
491	223	429	221
491	223	428	221
485	223	448	223
485	223	443	223
485	223	439	223
485	223	435	222
485	223	431	221
485	223	429	221
485	223	428	221
479	223	439	223
479	223	435	222
479	223	431	221
479	223	429	221
479	223	428	221
473	224	431	221
473	224	429	221
473	224	428	221
531	178	447	178
531	178	440	177
531	178	434	176
531	178	432	175
531	178	432	174
531	178	435	173
531	178	442	172
531	178	455	171
531	178	471	170
531	178	488	169
531	178	507	166
520	176	447	178
520	176	440	177
520	176	434	176
520	176	432	175
520	176	432	174
520	176	435	173
520	176	442	172
520	176	455	171
520	176	471	170
520	176	488	169
504	175	440	177
504	175	434	176
504	175	432	175
504	175	432	174
504	175	435	173
504	175	442	172
504	175	455	171
504	175	471	170
487	176	432	175
487	176	432	174
487	176	435	173
487	176	442	172
539	151	432	147
620	160	440	120
620	160	434	118
620	160	429	117
620	160	425	115
620	160	423	115
620	160	423	114
618	158	434	118
618	158	429	117
618	158	425	115
618	158	423	115
618	158	423	114
615	156	440	120
615	156	434	118
615	156	429	117
615	156	425	115
615	156	423	115
615	156	423	114
607	152	440	120
607	152	434	118
607	152	429	117
607	152	425	115
607	152	423	115
607	152	423	114
593	148	440	120
593	148	434	118
593	148	429	117
593	148	425	115
593	148	423	115
593	148	423	114
575	143	440	120
575	143	434	118
575	143	429	117
575	143	425	115
575	143	423	115
575	143	423	114
555	140	440	120
555	140	434	118
555	140	429	117
555	140	425	115
555	140	423	115
555	140	423	114
536	137	440	120
536	137	434	118
536	137	429	117
536	137	425	115
536	137	423	115
536	137	423	114
518	134	434	118
518	134	429	117
518	134	425	115
518	134	423	115
518	134	423	114
503	132	434	118
503	132	429	117
503	132	425	115
503	132	423	115
503	132	423	114
491	130	425	115
491	130	423	115
491	130	423	114
481	128	425	115
481	128	423	115
481	128	423	114
472	126	423	115
472	126	423	114
623	162	466	91
623	162	456	90
623	162	448	90
623	162	440	89
623	162	434	89
623	162	429	89
623	162	425	88
623	162	421	87
623	162	418	87
623	162	417	87
623	162	417	87
621	158	466	91
621	158	456	90
621	158	448	90
621	158	440	89
621	158	434	89
621	158	429	89
621	158	425	88
621	158	421	87
621	158	418	87
621	158	417	87
621	158	417	87
616	152	456	90
616	152	448	90
616	152	440	89
616	152	434	89
616	152	429	89
616	152	425	88
616	152	421	87
616	152	418	87
616	152	417	87
616	152	417	87
608	144	466	91
608	144	456	90
608	144	448	90
608	144	440	89
608	144	434	89
608	144	429	89
608	144	425	88
608	144	421	87
608	144	418	87
608	144	417	87
608	144	417	87
595	135	466	91
595	135	456	90
595	135	448	90
595	135	440	89
595	135	434	89
595	135	429	89
595	135	425	88
595	135	421	87
595	135	418	87
595	135	417	87
595	135	417	87
579	127	456	90
579	127	448	90
579	127	440	89
579	127	434	89
579	127	429	89
579	127	425	88
579	127	421	87
579	127	418	87
579	127	417	87
579	127	417	87
562	120	466	91
562	120	456	90
562	120	448	90
562	120	440	89
562	120	434	89
562	120	429	89
562	120	425	88
562	120	421	87
562	120	418	87
562	120	417	87
562	120	417	87
545	113	466	91
545	113	456	90
545	113	448	90
545	113	440	89
545	113	434	89
545	113	429	89
545	113	425	88
545	113	421	87
545	113	418	87
545	113	417	87
545	113	417	87
528	106	466	91
528	106	456	90
528	106	448	90
528	106	440	89
528	106	434	89
528	106	429	89
528	106	425	88
528	106	421	87
528	106	418	87
528	106	417	87
528	106	417	87
513	100	456	90
513	100	448	90
513	100	440	89
513	100	434	89
513	100	429	89
513	100	425	88
513	100	421	87
513	100	418	87
513	100	417	87
513	100	417	87
499	96	440	89
499	96	434	89
499	96	429	89
499	96	425	88
499	96	421	87
499	96	418	87
499	96	417	87
499	96	417	87
487	94	425	88
487	94	421	87
487	94	418	87
487	94	417	87
487	94	417	87
476	92	418	87
476	92	417	87
476	92	417	87
629	161	422	62
629	161	419	61
629	161	419	60
627	157	422	62
627	157	419	61
627	157	419	60
622	150	422	62
622	150	419	61
622	150	419	60
616	142	422	62
616	142	419	61
616	142	419	60
604	131	422	62
604	131	419	61
604	131	419	60
587	120	422	62
587	120	419	61
587	120	419	60
567	109	422	62
567	109	419	61
567	109	419	60
547	98	422	62
547	98	419	61
547	98	419	60
526	88	422	62
526	88	419	61
526	88	419	60
508	79	422	62
508	79	419	61
508	79	419	60
492	73	419	61
492	73	419	60
440	72	436	254
440	72	433	254
440	72	431	254
440	72	430	254
456	85	455	255
456	85	449	254
456	85	444	254
456	85	440	254
456	85	436	254
456	85	433	254
456	85	431	254
456	85	430	254
475	100	455	255
475	100	449	254
475	100	444	254
475	100	440	254
475	100	436	254
475	100	433	254
475	100	431	254
475	100	430	254
499	119	492	264
499	119	455	255
499	119	449	254
499	119	444	254
499	119	440	254
499	119	436	254
499	119	433	254
499	119	431	254
499	119	430	254
526	140	492	264
526	140	455	255
526	140	449	254
526	140	444	254
526	140	440	254
526	140	436	254
526	140	433	254
526	140	431	254
526	140	430	254
554	164	492	264
554	164	455	255
554	164	449	254
554	164	444	254
554	164	440	254
554	164	436	254
554	164	433	254
554	164	431	254
554	164	430	254
583	190	492	264
583	190	455	255
583	190	449	254
583	190	444	254
583	190	440	254
583	190	436	254
583	190	433	254
583	190	431	254
583	190	430	254
607	217	492	264
607	217	455	255
607	217	449	254
607	217	444	254
607	217	440	254
607	217	436	254
607	217	433	254
607	217	431	254
607	217	430	254
621	240	492	264
621	240	455	255
621	240	449	254
621	240	444	254
621	240	440	254
621	240	436	254
621	240	433	254
621	240	431	254
621	240	430	254
627	255	492	264
627	255	455	255
627	255	449	254
627	255	444	254
627	255	440	254
627	255	436	254
627	255	433	254
627	255	431	254
627	255	430	254
629	262	492	264
629	262	455	255
629	262	449	254
629	262	444	254
629	262	440	254
629	262	436	254
629	262	433	254
629	262	431	254
629	262	430	254
627	263	492	264
627	263	455	255
627	263	449	254
627	263	444	254
627	263	440	254
627	263	436	254
627	263	433	254
627	263	431	254
627	263	430	254
622	263	492	264
622	263	455	255
622	263	449	254
622	263	444	254
622	263	440	254
622	263	436	254
622	263	433	254
622	263	431	254
622	263	430	254
613	264	492	264
613	264	455	255
613	264	449	254
613	264	444	254
613	264	440	254
613	264	436	254
613	264	433	254
613	264	431	254
613	264	430	254
601	265	492	264
601	265	455	255
601	265	449	254
601	265	444	254
601	265	440	254
601	265	436	254
601	265	433	254
601	265	431	254
601	265	430	254
585	269	492	264
585	269	455	255
585	269	449	254
585	269	444	254
585	269	440	254
585	269	436	254
585	269	433	254
585	269	431	254
585	269	430	254
569	274	492	264
569	274	455	255
569	274	449	254
569	274	444	254
569	274	440	254
569	274	436	254
569	274	433	254
569	274	431	254
569	274	430	254
553	276	492	264
553	276	455	255
553	276	449	254
553	276	444	254
553	276	440	254
553	276	436	254
553	276	433	254
553	276	431	254
553	276	430	254
538	276	492	264
538	276	449	254
538	276	444	254
538	276	440	254
538	276	436	254
538	276	433	254
538	276	431	254
538	276	430	254
524	274	492	264
524	274	455	255
524	274	449	254
524	274	444	254
524	274	440	254
524	274	436	254
524	274	433	254
524	274	431	254
524	274	430	254
512	271	492	264
512	271	449	254
512	271	444	254
512	271	440	254
512	271	436	254
512	271	433	254
512	271	431	254
512	271	430	254
501	268	449	254
501	268	444	254
501	268	440	254
501	268	436	254
501	268	433	254
501	268	431	254
501	268	430	254
492	264	469	257
492	264	462	256
492	264	455	255
492	264	449	254
492	264	444	254
492	264	440	254
492	264	436	254
492	264	433	254
492	264	431	254
492	264	430	254
483	261	440	254
483	261	436	254
483	261	433	254
483	261	431	254
483	261	430	254
476	259	440	254
476	259	436	254
476	259	433	254
476	259	431	254
476	259	430	254
469	257	440	254
469	257	436	254
469	257	433	254
469	257	431	254
469	257	430	254
462	256	440	254
462	256	436	254
462	256	433	254
462	256	431	254
462	256	430	254
455	255	433	254
455	255	431	254
455	255	430	254
615	254	423	281
624	255	427	279
624	255	424	280
624	255	423	281
625	259	427	279
625	259	424	280
625	259	423	281
619	261	423	281
634	287	442	306
634	287	436	307
634	287	431	308
634	287	426	309
634	287	423	310
634	287	421	311
634	287	420	311
629	291	442	306
629	291	436	307
629	291	431	308
629	291	426	309
629	291	423	310
629	291	421	311
629	291	420	311
619	295	436	307
619	295	431	308
619	295	426	309
619	295	423	310
619	295	421	311
619	295	420	311
605	299	436	307
605	299	431	308
605	299	426	309
605	299	423	310
605	299	421	311
605	299	420	311
584	303	436	307
584	303	431	308
584	303	426	309
584	303	423	310
584	303	421	311
584	303	420	311
560	307	442	306
560	307	436	307
560	307	431	308
560	307	426	309
560	307	423	310
560	307	421	311
560	307	420	311
537	310	436	307
537	310	431	308
537	310	426	309
537	310	423	310
537	310	421	311
537	310	420	311
517	311	436	307
517	311	431	308
517	311	426	309
517	311	423	310
517	311	421	311
517	311	420	311
500	310	423	310
500	310	421	311
500	310	420	311
634	325	434	335
634	325	430	336
634	325	427	338
634	325	423	339
634	325	420	340
634	325	417	341
634	325	416	342
632	326	434	335
632	326	430	336
632	326	427	338
632	326	423	339
632	326	420	340
632	326	417	341
632	326	416	342
631	327	434	335
631	327	430	336
631	327	427	338
631	327	423	339
631	327	420	340
631	327	417	341
631	327	416	342
627	329	434	335
627	329	430	336
627	329	427	338
627	329	423	339
627	329	420	340
627	329	417	341
627	329	416	342
616	330	434	335
616	330	430	336
616	330	427	338
616	330	423	339
616	330	420	340
616	330	417	341
616	330	416	342
597	332	434	335
597	332	430	336
597	332	427	338
597	332	423	339
597	332	420	340
597	332	417	341
597	332	416	342
572	333	434	335
572	333	430	336
572	333	427	338
572	333	423	339
572	333	420	340
572	333	417	341
572	333	416	342
544	335	434	335
544	335	430	336
544	335	427	338
544	335	423	339
544	335	420	340
544	335	417	341
544	335	416	342
519	336	434	335
519	336	430	336
519	336	427	338
519	336	423	339
519	336	420	340
519	336	417	341
519	336	416	342
497	336	423	339
497	336	420	340
497	336	417	341
497	336	416	342
478	333	417	341
478	333	416	342
631	346	429	365
631	346	426	366
631	346	424	367
631	346	422	368
631	346	420	368
631	346	419	369
631	346	418	369
631	346	418	369
625	350	424	367
625	350	422	368
625	350	420	368
625	350	419	369
625	350	418	369
625	350	418	369
613	355	424	367
613	355	422	368
613	355	420	368
613	355	419	369
613	355	418	369
613	355	418	369
595	360	426	366
595	360	424	367
595	360	422	368
595	360	420	368
595	360	419	369
595	360	418	369
595	360	418	369
570	364	426	366
570	364	424	367
570	364	422	368
570	364	420	368
570	364	419	369
570	364	418	369
570	364	418	369
544	367	424	367
544	367	422	368
544	367	420	368
544	367	419	369
544	367	418	369
544	367	418	369
518	368	422	368
518	368	420	368
518	368	419	369
518	368	418	369
518	368	418	369
428	363	428	400
428	363	426	400
428	363	424	400
442	357	437	399
442	357	432	400
442	357	428	400
442	357	426	400
442	357	424	400
461	349	455	399
461	349	448	399
461	349	442	399
461	349	437	399
461	349	432	400
461	349	428	400
461	349	426	400
461	349	424	400
483	339	462	399
483	339	455	399
483	339	448	399
483	339	442	399
483	339	437	399
483	339	432	400
483	339	428	400
483	339	426	400
483	339	424	400
508	329	462	399
508	329	455	399
508	329	448	399
508	329	442	399
508	329	437	399
508	329	432	400
508	329	428	400
508	329	426	400
508	329	424	400
533	320	462	399
533	320	455	399
533	320	448	399
533	320	442	399
533	320	437	399
533	320	432	400
533	320	428	400
533	320	426	400
533	320	424	400
557	313	462	399
557	313	455	399
557	313	448	399
557	313	442	399
557	313	437	399
557	313	432	400
557	313	428	400
557	313	426	400
557	313	424	400
577	309	462	399
577	309	455	399
577	309	448	399
577	309	442	399
577	309	437	399
577	309	432	400
577	309	428	400
577	309	426	400
577	309	424	400
590	308	462	399
590	308	455	399
590	308	448	399
590	308	442	399
590	308	437	399
590	308	432	400
590	308	428	400
590	308	426	400
590	308	424	400
597	313	462	399
597	313	455	399
597	313	448	399
597	313	442	399
597	313	437	399
597	313	432	400
597	313	428	400
597	313	426	400
597	313	424	400
597	323	462	399
597	323	455	399
597	323	448	399
597	323	442	399
597	323	437	399
597	323	432	400
597	323	428	400
597	323	426	400
597	323	424	400
592	336	462	399
592	336	455	399
592	336	448	399
592	336	442	399
592	336	437	399
592	336	432	400
592	336	428	400
592	336	426	400
592	336	424	400
585	351	462	399
585	351	455	399
585	351	448	399
585	351	442	399
585	351	437	399
585	351	432	400
585	351	428	400
585	351	426	400
585	351	424	400
576	366	462	399
576	366	455	399
576	366	448	399
576	366	442	399
576	366	437	399
576	366	432	400
576	366	428	400
576	366	426	400
576	366	424	400
565	376	462	399
565	376	455	399
565	376	448	399
565	376	442	399
565	376	437	399
565	376	432	400
565	376	428	400
565	376	426	400
565	376	424	400
552	384	462	399
552	384	455	399
552	384	448	399
552	384	442	399
552	384	437	399
552	384	432	400
552	384	428	400
552	384	426	400
552	384	424	400
537	389	455	399
537	389	448	399
537	389	442	399
537	389	437	399
537	389	432	400
537	389	428	400
537	389	426	400
537	389	424	400
523	393	455	399
523	393	448	399
523	393	442	399
523	393	437	399
523	393	432	400
523	393	428	400
523	393	426	400
523	393	424	400
508	396	442	399
508	396	437	399
508	396	432	400
508	396	428	400
508	396	426	400
508	396	424	400
494	398	437	399
494	398	432	400
494	398	428	400
494	398	426	400
494	398	424	400
481	399	428	400
481	399	426	400
481	399	424	400
438	419	437	442
438	419	435	442
438	419	435	442
450	417	450	440
450	417	446	441
450	417	443	441
450	417	440	441
450	417	438	442
450	417	437	442
450	417	435	442
450	417	435	442
465	414	460	440
465	414	454	440
465	414	450	440
465	414	446	441
465	414	443	441
465	414	440	441
465	414	438	442
465	414	437	442
465	414	435	442
465	414	435	442
482	411	480	443
482	411	473	442
482	411	466	441
482	411	460	440
482	411	454	440
482	411	450	440
482	411	446	441
482	411	443	441
482	411	440	441
482	411	438	442
482	411	437	442
482	411	435	442
482	411	435	442
499	408	494	445
499	408	487	444
499	408	480	443
499	408	473	442
499	408	466	441
499	408	460	440
499	408	454	440
499	408	450	440
499	408	446	441
499	408	443	441
499	408	440	441
499	408	438	442
499	408	437	442
499	408	435	442
499	408	435	442
516	407	502	446
516	407	494	445
516	407	487	444
516	407	480	443
516	407	473	442
516	407	466	441
516	407	460	440
516	407	454	440
516	407	450	440
516	407	446	441
516	407	443	441
516	407	440	441
516	407	438	442
516	407	437	442
516	407	435	442
516	407	435	442
531	408	502	446
531	408	494	445
531	408	487	444
531	408	480	443
531	408	473	442
531	408	466	441
531	408	460	440
531	408	454	440
531	408	450	440
531	408	446	441
531	408	443	441
531	408	440	441
531	408	438	442
531	408	437	442
531	408	435	442
531	408	435	442
545	410	502	446
545	410	494	445
545	410	487	444
545	410	480	443
545	410	473	442
545	410	466	441
545	410	460	440
545	410	454	440
545	410	450	440
545	410	446	441
545	410	443	441
545	410	440	441
545	410	438	442
545	410	437	442
545	410	435	442
545	410	435	442
555	412	502	446
555	412	494	445
555	412	487	444
555	412	480	443
555	412	473	442
555	412	466	441
555	412	460	440
555	412	454	440
555	412	450	440
555	412	446	441
555	412	443	441
555	412	440	441
555	412	438	442
555	412	437	442
555	412	435	442
555	412	435	442
561	417	502	446
561	417	494	445
561	417	487	444
561	417	480	443
561	417	473	442
561	417	466	441
561	417	460	440
561	417	454	440
561	417	450	440
561	417	446	441
561	417	443	441
561	417	440	441
561	417	438	442
561	417	437	442
561	417	435	442
561	417	435	442
564	422	502	446
564	422	494	445
564	422	487	444
564	422	480	443
564	422	473	442
564	422	466	441
564	422	460	440
564	422	454	440
564	422	450	440
564	422	446	441
564	422	443	441
564	422	440	441
564	422	438	442
564	422	437	442
564	422	435	442
564	422	435	442
562	428	502	446
562	428	494	445
562	428	487	444
562	428	480	443
562	428	473	442
562	428	466	441
562	428	460	440
562	428	454	440
562	428	450	440
562	428	446	441
562	428	443	441
562	428	440	441
562	428	438	442
562	428	437	442
562	428	435	442
562	428	435	442
558	432	502	446
558	432	494	445
558	432	487	444
558	432	480	443
558	432	473	442
558	432	466	441
558	432	460	440
558	432	454	440
558	432	450	440
558	432	446	441
558	432	443	441
558	432	440	441
558	432	438	442
558	432	437	442
558	432	435	442
558	432	435	442
550	435	502	446
550	435	494	445
550	435	487	444
550	435	480	443
550	435	473	442
550	435	466	441
550	435	460	440
550	435	454	440
550	435	450	440
550	435	446	441
550	435	443	441
550	435	440	441
550	435	438	442
550	435	437	442
550	435	435	442
550	435	435	442
541	439	502	446
541	439	494	445
541	439	487	444
541	439	480	443
541	439	473	442
541	439	466	441
541	439	460	440
541	439	454	440
541	439	450	440
541	439	446	441
541	439	443	441
541	439	440	441
541	439	438	442
541	439	437	442
541	439	435	442
541	439	435	442
531	443	494	445
531	443	487	444
531	443	480	443
531	443	473	442
531	443	466	441
531	443	460	440
531	443	454	440
531	443	450	440
531	443	446	441
531	443	443	441
531	443	440	441
531	443	438	442
531	443	437	442
531	443	435	442
531	443	435	442
521	445	487	444
521	445	480	443
521	445	473	442
521	445	466	441
521	445	460	440
521	445	454	440
521	445	450	440
521	445	446	441
521	445	443	441
521	445	440	441
521	445	438	442
521	445	437	442
521	445	435	442
521	445	435	442
511	447	480	443
511	447	473	442
511	447	466	441
511	447	460	440
511	447	454	440
511	447	450	440
511	447	446	441
511	447	443	441
511	447	440	441
511	447	438	442
511	447	437	442
511	447	435	442
511	447	435	442
502	446	460	440
502	446	454	440
502	446	450	440
502	446	446	441
502	446	443	441
502	446	440	441
502	446	438	442
502	446	437	442
502	446	435	442
502	446	435	442
494	445	460	440
494	445	454	440
494	445	450	440
494	445	446	441
494	445	443	441
494	445	440	441
494	445	438	442
494	445	437	442
494	445	435	442
494	445	435	442
487	444	460	440
487	444	435	442
480	443	460	440
480	443	454	440
448	409	447	457
448	409	444	457
448	409	441	457
448	409	438	457
448	409	436	457
448	409	436	456
467	402	454	458
467	402	450	457
467	402	447	457
467	402	444	457
467	402	441	457
467	402	438	457
467	402	436	457
467	402	436	456
491	393	459	458
491	393	454	458
491	393	450	457
491	393	447	457
491	393	444	457
491	393	441	457
491	393	438	457
491	393	436	457
491	393	436	456
517	384	454	458
517	384	450	457
517	384	447	457
517	384	444	457
517	384	441	457
517	384	438	457
517	384	436	457
517	384	436	456
544	375	459	458
544	375	454	458
544	375	450	457
544	375	447	457
544	375	444	457
544	375	441	457
544	375	438	457
544	375	436	457
544	375	436	456
568	369	454	458
568	369	450	457
568	369	447	457
568	369	444	457
568	369	441	457
568	369	438	457
568	369	436	457
568	369	436	456
587	367	459	458
587	367	454	458
587	367	450	457
587	367	447	457
587	367	444	457
587	367	441	457
587	367	438	457
587	367	436	457
587	367	436	456
599	368	454	458
599	368	450	457
599	368	447	457
599	368	444	457
599	368	441	457
599	368	438	457
599	368	436	457
599	368	436	456
604	371	454	458
604	371	450	457
604	371	447	457
604	371	444	457
604	371	441	457
604	371	438	457
604	371	436	457
604	371	436	456
602	376	454	458
602	376	450	457
602	376	447	457
602	376	444	457
602	376	441	457
602	376	438	457
602	376	436	457
602	376	436	456
596	383	454	458
596	383	450	457
596	383	447	457
596	383	444	457
596	383	441	457
596	383	438	457
596	383	436	457
596	383	436	456
587	394	454	458
587	394	450	457
587	394	447	457
587	394	444	457
587	394	441	457
587	394	438	457
587	394	436	457
587	394	436	456
576	406	454	458
576	406	450	457
576	406	447	457
576	406	444	457
576	406	441	457
576	406	438	457
576	406	436	457
576	406	436	456
564	417	454	458
564	417	450	457
564	417	447	457
564	417	444	457
564	417	441	457
564	417	438	457
564	417	436	457
564	417	436	456
553	427	454	458
553	427	450	457
553	427	447	457
553	427	444	457
553	427	441	457
553	427	438	457
553	427	436	457
553	427	436	456
541	434	459	458
541	434	454	458
541	434	450	457
541	434	447	457
541	434	444	457
541	434	441	457
541	434	438	457
541	434	436	457
541	434	436	456
531	441	454	458
531	441	450	457
531	441	447	457
531	441	444	457
531	441	441	457
531	441	438	457
531	441	436	457
531	441	436	456
521	447	454	458
521	447	450	457
521	447	447	457
521	447	444	457
521	447	441	457
521	447	438	457
521	447	436	457
521	447	436	456
513	453	454	458
513	453	450	457
513	453	447	457
513	453	444	457
513	453	441	457
513	453	438	457
513	453	436	457
513	453	436	456
505	458	454	458
505	458	450	457
505	458	447	457
505	458	444	457
505	458	441	457
505	458	438	457
505	458	436	457
505	458	436	456
497	459	447	457
497	459	444	457
497	459	441	457
497	459	438	457
497	459	436	457
497	459	436	456
488	459	444	457
488	459	441	457
488	459	438	457
488	459	436	457
488	459	436	456
480	459	441	457
480	459	438	457
480	459	436	457
480	459	436	456
437	456	431	38
437	456	426	36
437	456	422	35
437	456	420	34
437	456	419	34
440	456	438	39
440	456	431	38
440	456	426	36
440	456	422	35
440	456	420	34
440	456	419	34
446	455	438	39
446	455	431	38
446	455	426	36
446	455	422	35
446	455	420	34
446	455	419	34
455	452	438	39
455	452	431	38
455	452	426	36
455	452	422	35
455	452	420	34
455	452	419	34
468	447	438	39
468	447	431	38
468	447	426	36
468	447	422	35
468	447	420	34
468	447	419	34
483	438	438	39
483	438	431	38
483	438	426	36
483	438	422	35
483	438	420	34
483	438	419	34
497	428	438	39
497	428	431	38
497	428	426	36
497	428	422	35
497	428	420	34
497	428	419	34
510	416	438	39
510	416	431	38
510	416	426	36
510	416	422	35
510	416	420	34
510	416	419	34
521	403	438	39
521	403	431	38
521	403	426	36
521	403	422	35
521	403	420	34
521	403	419	34
529	389	438	39
529	389	431	38
529	389	426	36
529	389	422	35
529	389	420	34
529	389	419	34
535	372	438	39
535	372	431	38
535	372	426	36
535	372	422	35
535	372	420	34
535	372	419	34
538	351	438	39
538	351	431	38
538	351	426	36
538	351	422	35
538	351	420	34
538	351	419	34
539	329	438	39
539	329	431	38
539	329	426	36
539	329	422	35
539	329	420	34
539	329	419	34
538	305	438	39
538	305	431	38
538	305	426	36
538	305	422	35
538	305	420	34
538	305	419	34
537	281	438	39
537	281	431	38
537	281	426	36
537	281	422	35
537	281	420	34
537	281	419	34
535	257	438	39
535	257	431	38
535	257	426	36
535	257	422	35
535	257	420	34
535	257	419	34
533	235	438	39
533	235	431	38
533	235	426	36
533	235	422	35
533	235	420	34
533	235	419	34
531	214	438	39
531	214	431	38
531	214	426	36
531	214	422	35
531	214	420	34
531	214	419	34
529	193	438	39
529	193	431	38
529	193	426	36
529	193	422	35
529	193	420	34
529	193	419	34
527	173	438	39
527	173	431	38
527	173	426	36
527	173	422	35
527	173	420	34
527	173	419	34
525	154	438	39
525	154	431	38
525	154	426	36
525	154	422	35
525	154	420	34
525	154	419	34
523	135	438	39
523	135	431	38
523	135	426	36
523	135	422	35
523	135	420	34
523	135	419	34
522	117	438	39
522	117	431	38
522	117	426	36
522	117	422	35
522	117	420	34
522	117	419	34
520	101	438	39
520	101	431	38
520	101	426	36
520	101	422	35
520	101	420	34
520	101	419	34
519	87	438	39
519	87	431	38
519	87	426	36
519	87	422	35
519	87	420	34
519	87	419	34
517	76	438	39
517	76	431	38
517	76	426	36
517	76	422	35
517	76	420	34
517	76	419	34
515	67	438	39
515	67	431	38
515	67	426	36
515	67	422	35
515	67	420	34
515	67	419	34
512	60	438	39
512	60	431	38
512	60	426	36
512	60	422	35
512	60	420	34
512	60	419	34
507	55	438	39
507	55	431	38
507	55	426	36
507	55	422	35
507	55	420	34
507	55	419	34
502	50	438	39
502	50	431	38
502	50	426	36
502	50	422	35
502	50	420	34
502	50	419	34
496	46	426	36
496	46	422	35
496	46	420	34
496	46	419	34
489	42	426	36
489	42	422	35
489	42	420	34
489	42	419	34
482	39	422	35
482	39	420	34
482	39	419	34
475	38	420	34
475	38	419	34
469	38	419	34
462	39	419	34
454	39	419	34
446	39	419	34
539	25	469	17
539	25	455	17
539	25	443	16
539	25	434	15
539	25	428	14
539	25	424	14
539	25	422	13
539	25	422	13
529	22	469	17
529	22	455	17
529	22	443	16
529	22	434	15
529	22	428	14
529	22	424	14
529	22	422	13
529	22	422	13
516	19	469	17
516	19	455	17
516	19	443	16
516	19	434	15
516	19	428	14
516	19	424	14
516	19	422	13
516	19	422	13
501	17	455	17
501	17	443	16
501	17	434	15
501	17	428	14
501	17	424	14
501	17	422	13
501	17	422	13
485	17	434	15
485	17	428	14
485	17	424	14
485	17	422	13
485	17	422	13
469	17	428	14
469	17	424	14
469	17	422	13
469	17	422	13
455	17	422	13
455	17	422	13
590	207	500	220
590	207	496	220
590	207	492	220
590	207	488	220
590	207	484	220
590	207	480	220
590	207	476	220
590	207	472	220
590	207	468	220
590	207	464	220
590	207	460	220
590	207	455	220
590	207	452	221
590	207	448	221
590	207	445	221
590	207	442	221
590	207	439	221
590	207	437	221
590	207	435	221
590	207	434	221
590	207	434	221
587	206	500	220
587	206	496	220
587	206	492	220
587	206	488	220
587	206	484	220
587	206	480	220
587	206	476	220
587	206	472	220
587	206	468	220
587	206	464	220
587	206	460	220
587	206	455	220
587	206	452	221
587	206	448	221
587	206	445	221
587	206	442	221
587	206	439	221
587	206	437	221
587	206	435	221
587	206	434	221
587	206	434	221
584	205	500	220
584	205	496	220
584	205	492	220
584	205	488	220
584	205	484	220
584	205	480	220
584	205	476	220
584	205	472	220
584	205	468	220
584	205	464	220
584	205	460	220
584	205	455	220
584	205	452	221
584	205	448	221
584	205	445	221
584	205	442	221
584	205	439	221
584	205	437	221
584	205	435	221
584	205	434	221
584	205	434	221
580	204	500	220
580	204	496	220
580	204	492	220
580	204	488	220
580	204	484	220
580	204	480	220
580	204	476	220
580	204	472	220
580	204	468	220
580	204	464	220
580	204	460	220
580	204	455	220
580	204	452	221
580	204	448	221
580	204	445	221
580	204	442	221
580	204	439	221
580	204	437	221
580	204	435	221
580	204	434	221
580	204	434	221
576	204	500	220
576	204	496	220
576	204	492	220
576	204	488	220
576	204	484	220
576	204	480	220
576	204	476	220
576	204	472	220
576	204	468	220
576	204	464	220
576	204	460	220
576	204	455	220
576	204	452	221
576	204	448	221
576	204	445	221
576	204	442	221
576	204	439	221
576	204	437	221
576	204	435	221
576	204	434	221
576	204	434	221
572	205	500	220
572	205	496	220
572	205	492	220
572	205	488	220
572	205	484	220
572	205	480	220
572	205	476	220
572	205	472	220
572	205	468	220
572	205	464	220
572	205	460	220
572	205	455	220
572	205	452	221
572	205	448	221
572	205	445	221
572	205	442	221
572	205	439	221
572	205	437	221
572	205	435	221
572	205	434	221
572	205	434	221
566	206	500	220
566	206	496	220
566	206	492	220
566	206	488	220
566	206	484	220
566	206	480	220
566	206	476	220
566	206	472	220
566	206	468	220
566	206	464	220
566	206	460	220
566	206	455	220
566	206	452	221
566	206	448	221
566	206	445	221
566	206	442	221
566	206	439	221
566	206	437	221
566	206	435	221
566	206	434	221
566	206	434	221
560	207	500	220
560	207	496	220
560	207	492	220
560	207	488	220
560	207	484	220
560	207	480	220
560	207	476	220
560	207	472	220
560	207	468	220
560	207	464	220
560	207	460	220
560	207	455	220
560	207	452	221
560	207	448	221
560	207	445	221
560	207	442	221
560	207	439	221
560	207	437	221
560	207	435	221
560	207	434	221
560	207	434	221
554	209	496	220
554	209	492	220
554	209	488	220
554	209	484	220
554	209	480	220
554	209	476	220
554	209	472	220
554	209	468	220
554	209	464	220
554	209	460	220
554	209	455	220
554	209	452	221
554	209	448	221
554	209	445	221
554	209	442	221
554	209	439	221
554	209	437	221
554	209	435	221
554	209	434	221
554	209	434	221
551	211	496	220
551	211	492	220
551	211	488	220
551	211	484	220
551	211	480	220
551	211	476	220
551	211	472	220
551	211	468	220
551	211	464	220
551	211	460	220
551	211	455	220
551	211	452	221
551	211	448	221
551	211	445	221
551	211	442	221
551	211	439	221
551	211	437	221
551	211	435	221
551	211	434	221
551	211	434	221
548	212	496	220
548	212	492	220
548	212	488	220
548	212	484	220
548	212	480	220
548	212	476	220
548	212	472	220
548	212	468	220
548	212	464	220
548	212	460	220
548	212	455	220
548	212	452	221
548	212	448	221
548	212	445	221
548	212	442	221
548	212	439	221
548	212	437	221
548	212	435	221
548	212	434	221
548	212	434	221
547	213	496	220
547	213	492	220
547	213	488	220
547	213	484	220
547	213	480	220
547	213	476	220
547	213	472	220
547	213	468	220
547	213	464	220
547	213	460	220
547	213	455	220
547	213	452	221
547	213	448	221
547	213	445	221
547	213	442	221
547	213	439	221
547	213	437	221
547	213	435	221
547	213	434	221
547	213	434	221
546	214	496	220
546	214	492	220
546	214	488	220
546	214	484	220
546	214	480	220
546	214	476	220
546	214	472	220
546	214	468	220
546	214	464	220
546	214	460	220
546	214	455	220
546	214	452	221
546	214	448	221
546	214	445	221
546	214	442	221
546	214	439	221
546	214	437	221
546	214	435	221
546	214	434	221
546	214	434	221
543	214	496	220
543	214	492	220
543	214	488	220
543	214	484	220
543	214	480	220
543	214	476	220
543	214	472	220
543	214	468	220
543	214	464	220
543	214	460	220
543	214	455	220
543	214	452	221
543	214	448	221
543	214	445	221
543	214	442	221
543	214	439	221
543	214	437	221
543	214	435	221
543	214	434	221
543	214	434	221
541	215	496	220
541	215	492	220
541	215	488	220
541	215	484	220
541	215	480	220
541	215	476	220
541	215	472	220
541	215	468	220
541	215	464	220
541	215	460	220
541	215	455	220
541	215	452	221
541	215	448	221
541	215	445	221
541	215	442	221
541	215	439	221
541	215	437	221
541	215	435	221
541	215	434	221
541	215	434	221
538	216	496	220
538	216	492	220
538	216	488	220
538	216	484	220
538	216	480	220
538	216	476	220
538	216	472	220
538	216	468	220
538	216	464	220
538	216	460	220
538	216	455	220
538	216	452	221
538	216	448	221
538	216	445	221
538	216	442	221
538	216	439	221
538	216	437	221
538	216	435	221
538	216	434	221
538	216	434	221
535	217	492	220
535	217	488	220
535	217	484	220
535	217	480	220
535	217	476	220
535	217	472	220
535	217	468	220
535	217	464	220
535	217	460	220
535	217	455	220
535	217	452	221
535	217	448	221
535	217	445	221
535	217	442	221
535	217	439	221
535	217	437	221
535	217	435	221
535	217	434	221
535	217	434	221
533	218	492	220
533	218	488	220
533	218	484	220
533	218	480	220
533	218	476	220
533	218	472	220
533	218	468	220
533	218	464	220
533	218	460	220
533	218	455	220
533	218	452	221
533	218	448	221
533	218	445	221
533	218	442	221
533	218	439	221
533	218	437	221
533	218	435	221
533	218	434	221
533	218	434	221
531	219	488	220
531	219	484	220
531	219	480	220
531	219	476	220
531	219	472	220
531	219	468	220
531	219	464	220
531	219	460	220
531	219	455	220
531	219	452	221
531	219	448	221
531	219	445	221
531	219	442	221
531	219	439	221
531	219	437	221
531	219	435	221
531	219	434	221
531	219	434	221
529	220	488	220
529	220	484	220
529	220	480	220
529	220	476	220
529	220	472	220
529	220	468	220
529	220	464	220
529	220	460	220
529	220	455	220
529	220	452	221
529	220	448	221
529	220	445	221
529	220	442	221
529	220	439	221
529	220	437	221
529	220	435	221
529	220	434	221
529	220	434	221
526	220	488	220
526	220	484	220
526	220	480	220
526	220	476	220
526	220	472	220
526	220	468	220
526	220	464	220
526	220	460	220
526	220	455	220
526	220	452	221
526	220	448	221
526	220	445	221
526	220	442	221
526	220	439	221
526	220	437	221
526	220	435	221
526	220	434	221
526	220	434	221
524	221	484	220
524	221	480	220
524	221	476	220
524	221	472	220
524	221	468	220
524	221	464	220
524	221	460	220
524	221	455	220
524	221	452	221
524	221	448	221
524	221	445	221
524	221	442	221
524	221	439	221
524	221	437	221
524	221	435	221
524	221	434	221
524	221	434	221
521	221	480	220
521	221	476	220
521	221	472	220
521	221	468	220
521	221	464	220
521	221	460	220
521	221	455	220
521	221	452	221
521	221	448	221
521	221	445	221
521	221	442	221
521	221	439	221
521	221	437	221
521	221	435	221
521	221	434	221
521	221	434	221
517	221	476	220
517	221	472	220
517	221	468	220
517	221	464	220
517	221	460	220
517	221	455	220
517	221	452	221
517	221	448	221
517	221	445	221
517	221	442	221
517	221	439	221
517	221	437	221
517	221	435	221
517	221	434	221
517	221	434	221
514	221	468	220
514	221	464	220
514	221	460	220
514	221	455	220
514	221	452	221
514	221	448	221
514	221	445	221
514	221	442	221
514	221	439	221
514	221	437	221
514	221	435	221
514	221	434	221
514	221	434	221
511	221	468	220
511	221	464	220
511	221	460	220
511	221	455	220
511	221	452	221
511	221	448	221
511	221	445	221
511	221	442	221
511	221	439	221
511	221	437	221
511	221	435	221
511	221	434	221
511	221	434	221
507	220	464	220
507	220	460	220
507	220	455	220
507	220	452	221
507	220	448	221
507	220	445	221
507	220	442	221
507	220	439	221
507	220	437	221
507	220	435	221
507	220	434	221
507	220	434	221
504	220	460	220
504	220	455	220
504	220	452	221
504	220	448	221
504	220	445	221
504	220	442	221
504	220	439	221
504	220	437	221
504	220	435	221
504	220	434	221
504	220	434	221
500	220	455	220
500	220	452	221
500	220	448	221
500	220	445	221
500	220	442	221
500	220	439	221
500	220	437	221
500	220	435	221
500	220	434	221
500	220	434	221
496	220	452	221
496	220	448	221
496	220	445	221
496	220	442	221
496	220	439	221
496	220	437	221
496	220	435	221
496	220	434	221
496	220	434	221
492	220	445	221
492	220	442	221
492	220	439	221
492	220	437	221
492	220	435	221
492	220	434	221
492	220	434	221
488	220	442	221
488	220	439	221
488	220	437	221
488	220	435	221
488	220	434	221
488	220	434	221
484	220	439	221
484	220	437	221
484	220	435	221
484	220	434	221
484	220	434	221
480	220	434	221
543	208	453	196
543	208	448	195
543	208	443	194
543	208	439	193
543	208	435	192
543	208	432	191
543	208	432	190
540	207	453	196
540	207	448	195
540	207	443	194
540	207	439	193
540	207	435	192
540	207	432	191
540	207	432	190
535	206	453	196
535	206	448	195
535	206	443	194
535	206	439	193
535	206	435	192
535	206	432	191
535	206	432	190
528	204	453	196
528	204	448	195
528	204	443	194
528	204	439	193
528	204	435	192
528	204	432	191
528	204	432	190
520	202	453	196
520	202	448	195
520	202	443	194
520	202	439	193
520	202	435	192
520	202	432	191
520	202	432	190
511	200	448	195
511	200	443	194
511	200	439	193
511	200	435	192
511	200	432	191
511	200	432	190
501	199	448	195
501	199	443	194
501	199	439	193
501	199	435	192
501	199	432	191
501	199	432	190
491	199	443	194
491	199	439	193
491	199	435	192
491	199	432	191
491	199	432	190
482	198	439	193
482	198	435	192
482	198	432	191
482	198	432	190
473	198	439	193
473	198	435	192
473	198	432	191
473	198	432	190
434	190	428	154
434	190	421	152
434	190	416	150
434	190	412	149
434	190	410	148
440	190	428	154
440	190	421	152
440	190	416	150
440	190	412	149
440	190	410	148
449	192	428	154
449	192	421	152
449	192	416	150
449	192	412	149
449	192	410	148
463	193	435	157
463	193	428	154
463	193	421	152
463	193	416	150
463	193	412	149
463	193	410	148
478	194	435	157
478	194	428	154
478	194	421	152
478	194	416	150
478	194	412	149
478	194	410	148
495	194	435	157
495	194	428	154
495	194	421	152
495	194	416	150
495	194	412	149
495	194	410	148
510	194	435	157
510	194	428	154
510	194	421	152
510	194	416	150
510	194	412	149
510	194	410	148
523	192	435	157
523	192	428	154
523	192	421	152
523	192	416	150
523	192	412	149
523	192	410	148
531	190	435	157
531	190	428	154
531	190	421	152
531	190	416	150
531	190	412	149
531	190	410	148
535	187	435	157
535	187	428	154
535	187	421	152
535	187	416	150
535	187	412	149
535	187	410	148
534	185	428	154
534	185	421	152
534	185	416	150
534	185	412	149
534	185	410	148
529	182	428	154
529	182	421	152
529	182	416	150
529	182	412	149
529	182	410	148
522	178	428	154
522	178	421	152
522	178	416	150
522	178	412	149
522	178	410	148
513	175	428	154
513	175	421	152
513	175	416	150
513	175	412	149
513	175	410	148
503	172	428	154
503	172	421	152
503	172	416	150
503	172	412	149
503	172	410	148
492	170	421	152
492	170	416	150
492	170	412	149
492	170	410	148
482	167	421	152
482	167	416	150
482	167	412	149
482	167	410	148
471	166	416	150
471	166	412	149
471	166	410	148
460	164	416	150
460	164	412	149
460	164	410	148
451	162	410	148
436	154	431	134
436	154	428	133
436	154	425	132
451	159	428	133
451	159	425	132
466	165	431	134
466	165	428	133
466	165	425	132
483	171	431	134
483	171	428	133
483	171	425	132
498	177	431	134
498	177	428	133
498	177	426	132
498	177	425	132
513	180	431	134
513	180	428	133
513	180	426	132
513	180	425	132
526	181	431	134
526	181	428	133
526	181	426	132
526	181	425	132
535	179	441	137
535	179	431	134
535	179	428	133
535	179	426	132
535	179	425	132
541	174	431	134
541	174	428	133
541	174	426	132
541	174	425	132
542	170	431	134
542	170	428	133
542	170	426	132
542	170	425	132
539	165	431	134
539	165	428	133
539	165	426	132
539	165	425	132
534	162	441	137
534	162	435	136
534	162	431	134
534	162	428	133
534	162	426	132
534	162	425	132
527	158	431	134
527	158	428	133
527	158	426	132
527	158	425	132
426	132	424	104
426	132	424	104
429	133	424	104
429	133	424	104
445	136	424	104
445	136	424	104
458	138	428	105
458	138	424	104
458	138	424	104
473	141	434	107
473	141	428	105
473	141	424	104
473	141	424	104
489	145	434	107
489	145	428	105
489	145	424	104
489	145	424	104
506	149	434	107
506	149	428	105
506	149	424	104
506	149	424	104
523	153	434	107
523	153	428	105
523	153	424	104
523	153	424	104
538	155	434	107
538	155	428	105
538	155	424	104
538	155	424	104
550	157	434	107
550	157	428	105
550	157	424	104
550	157	424	104
559	157	434	107
559	157	428	105
559	157	424	104
559	157	424	104
564	155	434	107
564	155	428	105
564	155	424	104
564	155	424	104
565	153	434	107
565	153	428	105
565	153	424	104
565	153	424	104
562	150	443	110
562	150	434	107
562	150	428	105
562	150	424	104
562	150	424	104
557	146	434	107
557	146	428	105
557	146	424	104
557	146	424	104
551	142	434	107
551	142	428	105
551	142	424	104
551	142	424	104
544	136	434	107
544	136	428	105
544	136	424	104
544	136	424	104
537	131	434	107
537	131	428	105
537	131	424	104
537	131	424	104
529	127	434	107
529	127	428	105
529	127	424	104
529	127	424	104
521	123	434	107
521	123	428	105
521	123	424	104
521	123	424	104
513	121	428	105
513	121	424	104
513	121	424	104
505	120	428	105
505	120	424	104
505	120	424	104
429	103	423	249
429	103	416	251
429	103	413	253
429	103	412	253
437	105	431	245
437	105	423	249
437	105	416	251
437	105	413	253
437	105	412	253
450	110	416	251
450	110	413	253
450	110	412	253
466	116	416	251
466	116	413	253
466	116	412	253
484	124	413	253
484	124	412	253
502	134	416	251
502	134	413	253
502	134	412	253
517	145	416	251
517	145	413	253
517	145	412	253
529	156	416	251
529	156	413	253
529	156	412	253
536	165	416	251
536	165	413	253
536	165	412	253
537	175	416	251
537	175	413	253
537	175	412	253
533	183	416	251
533	183	413	253
533	183	412	253
526	193	416	251
526	193	413	253
526	193	412	253
517	205	416	251
517	205	413	253
517	205	412	253
506	216	416	251
506	216	413	253
506	216	412	253
494	224	412	253
480	228	413	253
480	228	412	253
418	251	417	305
418	251	414	306
427	247	423	302
427	247	417	305
427	247	414	306
438	242	430	299
438	242	423	302
438	242	417	305
438	242	414	306
451	236	447	293
451	236	438	296
451	236	430	299
451	236	423	302
451	236	417	305
451	236	414	306
466	231	466	285
466	231	456	289
466	231	447	293
466	231	438	296
466	231	430	299
466	231	423	302
466	231	417	305
466	231	414	306
483	227	466	285
483	227	456	289
483	227	447	293
483	227	438	296
483	227	430	299
483	227	423	302
483	227	417	305
483	227	414	306
500	226	466	285
500	226	456	289
500	226	447	293
500	226	438	296
500	226	430	299
500	226	423	302
500	226	417	305
500	226	414	306
518	229	466	285
518	229	456	289
518	229	447	293
518	229	438	296
518	229	430	299
518	229	423	302
518	229	417	305
518	229	414	306
533	235	466	285
533	235	456	289
533	235	447	293
533	235	438	296
533	235	430	299
533	235	423	302
533	235	417	305
533	235	414	306
545	242	476	282
545	242	466	285
545	242	456	289
545	242	447	293
545	242	438	296
545	242	430	299
545	242	423	302
545	242	417	305
545	242	414	306
551	249	476	282
551	249	466	285
551	249	456	289
551	249	447	293
551	249	438	296
551	249	430	299
551	249	423	302
551	249	417	305
551	249	414	306
552	255	466	285
552	255	456	289
552	255	447	293
552	255	438	296
552	255	430	299
552	255	423	302
552	255	417	305
552	255	414	306
547	260	466	285
547	260	456	289
547	260	447	293
547	260	438	296
547	260	430	299
547	260	423	302
547	260	417	305
547	260	414	306
540	264	476	282
540	264	466	285
540	264	456	289
540	264	447	293
540	264	438	296
540	264	430	299
540	264	423	302
540	264	417	305
540	264	414	306
531	267	466	285
531	267	456	289
531	267	447	293
531	267	438	296
531	267	430	299
531	267	423	302
531	267	417	305
531	267	414	306
520	271	456	289
520	271	447	293
520	271	438	296
520	271	430	299
520	271	423	302
520	271	417	305
520	271	414	306
508	273	447	293
508	273	438	296
508	273	430	299
508	273	423	302
508	273	417	305
508	273	414	306
497	276	438	296
497	276	430	299
497	276	423	302
497	276	417	305
497	276	414	306
486	279	430	299
486	279	423	302
486	279	417	305
486	279	414	306
476	282	423	302
476	282	417	305
476	282	414	306
466	285	417	305
466	285	414	306
415	305	415	376
421	302	421	373
421	302	417	375
421	302	415	376
433	297	428	370
433	297	421	373
433	297	417	375
433	297	415	376
450	292	443	362
450	292	435	366
450	292	428	370
450	292	421	373
450	292	417	375
450	292	415	376
471	287	467	351
471	287	458	354
471	287	451	358
471	287	443	362
471	287	435	366
471	287	428	370
471	287	421	373
471	287	417	375
471	287	415	376
493	282	476	348
493	282	467	351
493	282	458	354
493	282	451	358
493	282	443	362
493	282	435	366
493	282	428	370
493	282	421	373
493	282	417	375
493	282	415	376
515	280	476	348
515	280	467	351
515	280	458	354
515	280	451	358
515	280	443	362
515	280	435	366
515	280	428	370
515	280	421	373
515	280	417	375
515	280	415	376
535	282	476	348
535	282	467	351
535	282	458	354
535	282	451	358
535	282	443	362
535	282	435	366
535	282	428	370
535	282	421	373
535	282	417	375
535	282	415	376
549	288	476	348
549	288	467	351
549	288	458	354
549	288	451	358
549	288	443	362
549	288	435	366
549	288	428	370
549	288	421	373
549	288	417	375
549	288	415	376
556	296	476	348
556	296	467	351
556	296	458	354
556	296	451	358
556	296	443	362
556	296	435	366
556	296	428	370
556	296	421	373
556	296	417	375
556	296	415	376
557	304	476	348
557	304	467	351
557	304	458	354
557	304	451	358
557	304	443	362
557	304	435	366
557	304	428	370
557	304	421	373
557	304	417	375
557	304	415	376
553	313	476	348
553	313	467	351
553	313	458	354
553	313	451	358
553	313	443	362
553	313	435	366
553	313	428	370
553	313	421	373
553	313	417	375
553	313	415	376
546	322	476	348
546	322	467	351
546	322	458	354
546	322	451	358
546	322	443	362
546	322	435	366
546	322	428	370
546	322	421	373
546	322	417	375
546	322	415	376
536	329	476	348
536	329	467	351
536	329	458	354
536	329	451	358
536	329	443	362
536	329	435	366
536	329	428	370
536	329	421	373
536	329	417	375
536	329	415	376
524	335	467	351
524	335	458	354
524	335	451	358
524	335	443	362
524	335	435	366
524	335	428	370
524	335	421	373
524	335	417	375
524	335	415	376
511	339	458	354
511	339	451	358
511	339	443	362
511	339	435	366
511	339	428	370
511	339	421	373
511	339	417	375
511	339	415	376
498	342	451	358
498	342	443	362
498	342	435	366
498	342	428	370
498	342	421	373
498	342	417	375
498	342	415	376
486	345	443	362
486	345	435	366
486	345	428	370
486	345	421	373
486	345	417	375
486	345	415	376
476	348	435	366
476	348	428	370
476	348	421	373
476	348	417	375
476	348	415	376
467	351	428	370
467	351	421	373
467	351	417	375
467	351	415	376
458	354	421	373
458	354	417	375
458	354	415	376
460	342	459	387
479	341	477	377
479	341	471	380
479	341	465	384
479	341	459	387
497	340	483	372
497	340	477	377
497	340	471	380
497	340	465	384
497	340	459	387
511	339	483	372
511	339	477	377
511	339	471	380
511	339	465	384
511	339	459	387
520	339	483	372
520	339	477	377
520	339	471	380
520	339	465	384
520	339	459	387
526	340	483	372
526	340	477	377
526	340	471	380
526	340	465	384
526	340	459	387
527	343	483	372
527	343	477	377
527	343	471	380
527	343	465	384
527	343	459	387
524	348	483	372
524	348	477	377
524	348	471	380
524	348	465	384
524	348	459	387
518	353	483	372
518	353	477	377
518	353	471	380
518	353	465	384
518	353	459	387
509	358	483	372
509	358	477	377
509	358	471	380
509	358	465	384
509	358	459	387
500	363	477	377
500	363	471	380
500	363	465	384
500	363	459	387
491	368	471	380
491	368	465	384
491	368	459	387
483	372	454	391
483	372	449	394
483	372	446	397
483	372	444	398
477	377	454	391
477	377	449	394
477	377	446	397
477	377	444	398
471	380	449	394
471	380	446	397
471	380	444	398
465	384	446	397
465	384	444	398
484	373	482	420
484	373	478	423
484	373	475	426
484	373	473	428
484	373	473	428
499	367	482	420
499	367	478	423
499	367	475	426
499	367	473	428
499	367	473	428
514	362	486	417
514	362	482	420
514	362	478	423
514	362	475	426
514	362	473	428
514	362	473	428
528	358	486	417
528	358	482	420
528	358	478	423
528	358	475	426
528	358	473	428
528	358	473	428
538	356	486	417
538	356	482	420
538	356	478	423
538	356	475	426
538	356	473	428
538	356	473	428
543	356	486	417
543	356	482	420
543	356	478	423
543	356	475	426
543	356	473	428
543	356	473	428
543	359	486	417
543	359	482	420
543	359	478	423
543	359	475	426
543	359	473	428
543	359	473	428
539	364	486	417
539	364	482	420
539	364	478	423
539	364	475	426
539	364	473	428
539	364	473	428
533	372	511	397
533	372	503	403
533	372	496	409
533	372	490	413
533	372	486	417
533	372	482	420
533	372	478	423
533	372	475	426
533	372	473	428
533	372	473	428
527	381	486	417
527	381	482	420
527	381	478	423
527	381	475	426
527	381	473	428
527	381	473	428
519	389	478	423
519	389	475	426
519	389	473	428
519	389	473	428
511	397	475	426
511	397	473	428
511	397	473	428
503	403	475	426
503	403	473	428
503	403	473	428
496	409	475	426
496	409	473	428
496	409	473	428
490	413	475	426
490	413	473	428
490	413	473	428
506	449	486	425
506	449	476	427
506	449	468	428
506	449	464	429
506	449	463	429
508	447	468	428
508	447	464	429
508	447	463	429
512	443	468	428
512	443	464	429
512	443	463	429
518	437	468	428
518	437	464	429
518	437	463	429
523	430	468	428
523	430	464	429
523	430	463	429
526	423	468	428
526	423	464	429
526	423	463	429
527	419	468	428
527	419	464	429
527	419	463	429
525	418	468	428
525	418	464	429
525	418	463	429
518	418	468	428
518	418	463	429
508	420	468	428
497	422	468	428
497	422	464	429
497	422	463	429
486	425	463	429
465	428	459	402
465	428	449	403
465	428	442	405
465	428	439	405
469	423	449	403
469	423	442	405
469	423	439	405
475	417	442	405
475	417	439	405
480	410	442	405
480	410	439	405
483	404	442	405
483	404	439	405
483	401	449	403
483	401	442	405
483	401	439	405
478	400	449	403
478	400	442	405
478	400	439	405
470	401	442	405
470	401	439	405
440	403	404	329
443	397	404	329
392	326	386	296
392	326	379	296
392	326	373	296
392	326	369	296
392	326	365	296
392	326	363	296
397	324	386	296
397	324	379	296
397	324	373	296
397	324	369	296
397	324	365	296
397	324	363	296
407	323	379	296
407	323	373	296
407	323	369	296
407	323	365	296
407	323	363	296
423	319	373	296
423	319	369	296
423	319	365	296
423	319	363	296
439	315	379	296
439	315	373	296
439	315	369	296
439	315	365	296
439	315	363	296
453	309	379	296
453	309	373	296
453	309	369	296
453	309	365	296
453	309	363	296
460	304	379	296
460	304	373	296
460	304	369	296
460	304	365	296
460	304	363	296
460	299	379	296
460	299	373	296
460	299	369	296
460	299	365	296
460	299	363	296
453	296	379	296
453	296	373	296
453	296	369	296
453	296	365	296
453	296	363	296
442	293	379	296
442	293	373	296
442	293	369	296
442	293	365	296
442	293	363	296
429	292	373	296
429	292	369	296
429	292	365	296
429	292	363	296
428	253	426	63
428	253	423	60
446	244	445	77
446	244	438	72
446	244	431	67
446	244	426	63
446	244	423	60
463	228	445	77
463	228	438	72
463	228	431	67
463	228	426	63
463	228	423	60
480	205	445	77
480	205	438	72
480	205	431	67
480	205	426	63
480	205	423	60
493	181	445	77
493	181	438	72
493	181	431	67
493	181	426	63
493	181	423	60
504	161	445	77
504	161	438	72
504	161	431	67
504	161	426	63
504	161	423	60
510	147	445	77
510	147	438	72
510	147	431	67
510	147	426	63
510	147	423	60
514	138	445	77
514	138	438	72
514	138	431	67
514	138	426	63
514	138	423	60
515	132	445	77
515	132	438	72
515	132	431	67
515	132	426	63
515	132	423	60
513	127	445	77
513	127	438	72
513	127	431	67
513	127	426	63
513	127	423	60
509	121	445	77
509	121	438	72
509	121	431	67
509	121	426	63
509	121	423	60
504	114	438	72
504	114	431	67
504	114	426	63
504	114	423	60
497	108	438	72
497	108	431	67
497	108	426	63
497	108	423	60
490	102	438	72
490	102	431	67
490	102	426	63
490	102	423	60
481	97	431	67
481	97	426	63
481	97	423	60
472	93	426	63
472	93	423	60
450	80	447	44
450	80	444	43
468	93	453	46
468	93	447	44
468	93	444	43
487	107	463	51
487	107	453	46
487	107	447	44
487	107	444	43
508	119	463	51
508	119	453	46
508	119	447	44
508	119	444	43
527	129	463	51
527	129	453	46
527	129	447	44
527	129	444	43
541	135	463	51
541	135	453	46
541	135	447	44
541	135	444	43
548	135	463	51
548	135	453	46
548	135	447	44
548	135	444	43
549	131	463	51
549	131	453	46
549	131	447	44
549	131	444	43
546	122	463	51
546	122	453	46
546	122	447	44
546	122	444	43
540	111	463	51
540	111	453	46
540	111	447	44
540	111	444	43
534	102	463	51
534	102	453	46
534	102	447	44
534	102	444	43
528	94	463	51
528	94	453	46
528	94	447	44
528	94	444	43
521	87	463	51
521	87	453	46
521	87	447	44
521	87	444	43
514	80	463	51
514	80	453	46
514	80	447	44
514	80	444	43
505	73	453	46
505	73	447	44
505	73	444	43
495	67	447	44
495	67	444	43
445	44	378	194
445	44	371	192
445	44	366	191
445	44	365	191
452	49	378	194
452	49	371	192
452	49	366	191
452	49	365	191
461	61	378	194
461	61	371	192
461	61	366	191
461	61	365	191
469	81	378	194
469	81	371	192
469	81	366	191
469	81	365	191
476	106	378	194
476	106	371	192
476	106	366	191
476	106	365	191
479	135	378	194
479	135	371	192
479	135	366	191
479	135	365	191
478	161	378	194
478	161	371	192
478	161	366	191
478	161	365	191
474	181	378	194
474	181	371	192
474	181	366	191
474	181	365	191
467	194	378	194
467	194	371	192
467	194	366	191
467	194	365	191
458	200	378	194
458	200	371	192
458	200	366	191
458	200	365	191
448	202	378	194
448	202	371	192
448	202	366	191
448	202	365	191
437	203	378	194
437	203	371	192
437	203	366	191
437	203	365	191
426	202	371	192
426	202	366	191
426	202	365	191
416	202	371	192
416	202	366	191
416	202	365	191
406	200	365	191
465	153	386	64
458	149	386	64
458	149	386	64
448	140	386	64
448	140	386	64
437	126	388	67
437	126	386	64
437	126	386	64
427	113	386	64
427	113	386	64
492	430	476	402
492	430	468	383
492	430	458	364
492	430	445	347
492	430	431	330
492	430	414	310
492	430	395	291
492	430	378	274
492	430	361	262
492	430	350	255
492	430	345	253
492	430	344	252
492	430	346	250
492	430	352	245
492	430	361	238
492	430	369	232
492	430	372	226
492	430	370	221
492	430	364	216
492	430	355	210
492	430	346	204
492	430	342	201
492	430	341	200
489	432	476	402
489	432	468	383
489	432	458	364
489	432	445	347
489	432	431	330
489	432	414	310
489	432	395	291
489	432	378	274
489	432	361	262
489	432	350	255
489	432	345	253
489	432	344	252
489	432	346	250
489	432	352	245
489	432	361	238
489	432	369	232
489	432	372	226
489	432	370	221
489	432	364	216
489	432	355	210
489	432	346	204
489	432	342	201
489	432	341	200
488	432	476	402
488	432	468	383
488	432	458	364
488	432	445	347
488	432	431	330
488	432	414	310
488	432	395	291
488	432	378	274
488	432	361	262
488	432	350	255
488	432	345	253
488	432	344	252
488	432	346	250
488	432	352	245
488	432	361	238
488	432	369	232
488	432	372	226
488	432	370	221
488	432	364	216
488	432	355	210
488	432	346	204
488	432	342	201
488	432	341	200
486	429	476	402
486	429	468	383
486	429	458	364
486	429	445	347
486	429	431	330
486	429	414	310
486	429	395	291
486	429	378	274
486	429	361	262
486	429	350	255
486	429	345	253
486	429	344	252
486	429	346	250
486	429	352	245
486	429	361	238
486	429	369	232
486	429	372	226
486	429	370	221
486	429	364	216
486	429	355	210
486	429	346	204
486	429	342	201
486	429	341	200
482	418	445	347
482	418	431	330
482	418	414	310
482	418	350	255
482	418	345	253
482	418	352	245
482	418	361	238
482	418	364	216
482	418	355	210
482	418	341	200
537	47	491	55
537	47	483	56
537	47	475	57
537	47	466	58
537	47	457	59
537	47	448	60
537	47	440	61
537	47	432	62
537	47	425	63
537	47	420	63
537	47	418	63
536	48	491	55
536	48	483	56
536	48	475	57
536	48	466	58
536	48	457	59
536	48	448	60
536	48	440	61
536	48	432	62
536	48	425	63
536	48	420	63
536	48	418	63
535	48	491	55
535	48	483	56
535	48	475	57
535	48	466	58
535	48	457	59
535	48	448	60
535	48	440	61
535	48	432	62
535	48	425	63
535	48	420	63
535	48	418	63
533	48	491	55
533	48	483	56
533	48	475	57
533	48	466	58
533	48	457	59
533	48	448	60
533	48	440	61
533	48	432	62
533	48	425	63
533	48	420	63
533	48	418	63
531	49	491	55
531	49	483	56
531	49	475	57
531	49	466	58
531	49	457	59
531	49	448	60
531	49	440	61
531	49	432	62
531	49	425	63
531	49	420	63
531	49	418	63
529	49	483	56
529	49	475	57
529	49	466	58
529	49	457	59
529	49	448	60
529	49	440	61
529	49	432	62
529	49	425	63
529	49	420	63
529	49	418	63
527	50	483	56
527	50	475	57
527	50	466	58
527	50	457	59
527	50	448	60
527	50	440	61
527	50	432	62
527	50	425	63
527	50	420	63
527	50	418	63
524	50	483	56
524	50	475	57
524	50	466	58
524	50	457	59
524	50	448	60
524	50	440	61
524	50	432	62
524	50	425	63
524	50	420	63
524	50	418	63
521	51	483	56
521	51	475	57
521	51	466	58
521	51	457	59
521	51	448	60
521	51	440	61
521	51	432	62
521	51	425	63
521	51	420	63
521	51	418	63
517	52	475	57
517	52	466	58
517	52	457	59
517	52	448	60
517	52	440	61
517	52	432	62
517	52	425	63
517	52	420	63
517	52	418	63
512	53	466	58
512	53	457	59
512	53	448	60
512	53	440	61
512	53	432	62
512	53	425	63
512	53	420	63
512	53	418	63
506	54	466	58
506	54	457	59
506	54	448	60
506	54	440	61
506	54	432	62
506	54	425	63
506	54	420	63
506	54	418	63
499	54	457	59
499	54	448	60
499	54	440	61
499	54	432	62
499	54	425	63
499	54	420	63
499	54	418	63
491	55	448	60
491	55	440	61
491	55	432	62
491	55	425	63
491	55	420	63
491	55	418	63
483	56	440	61
483	56	432	62
483	56	425	63
483	56	420	63
483	56	418	63
475	57	432	62
475	57	425	63
475	57	420	63
475	57	418	63
466	58	425	63
466	58	420	63
466	58	418	63
421	62	421	33
421	62	420	33
428	61	424	32
428	61	421	33
428	61	420	33
438	59	424	32
452	56	424	32
468	55	424	32
486	53	424	32
503	51	424	32
503	51	421	33
520	48	443	32
520	48	435	32
520	48	429	32
520	48	424	32
520	48	421	33
520	48	420	33
534	43	488	30
534	43	452	32
534	43	443	32
534	43	435	32
534	43	429	32
534	43	424	32
534	43	421	33
534	43	420	33
544	39	488	30
544	39	474	31
544	39	452	32
544	39	443	32
544	39	435	32
544	39	429	32
544	39	424	32
544	39	421	33
544	39	420	33
549	35	452	32
549	35	443	32
549	35	435	32
549	35	429	32
549	35	424	32
549	35	421	33
549	35	420	33
548	33	443	32
548	33	435	32
548	33	429	32
548	33	424	32
548	33	421	33
548	33	420	33
543	32	488	30
543	32	474	31
543	32	462	32
543	32	452	32
543	32	443	32
543	32	435	32
543	32	429	32
543	32	424	32
543	32	421	33
543	32	420	33
536	30	488	30
536	30	443	32
536	30	435	32
536	30	429	32
536	30	424	32
536	30	421	33
536	30	420	33
526	29	424	32
526	29	421	33
526	29	420	33
514	29	424	32
501	29	424	32
488	30	424	32
474	31	424	32
462	32	424	32
452	32	424	32
397	41	395	95
397	41	394	95
403	41	398	93
403	41	395	95
403	41	394	95
413	38	395	95
413	38	394	95
424	31	398	93
424	31	395	95
424	31	394	95
435	20	398	93
435	20	395	95
435	20	394	95
442	11	398	93
442	11	395	95
442	11	394	95
445	5	398	93
445	5	395	95
445	5	394	95
447	3	406	91
447	3	398	93
447	3	395	95
447	3	394	95
448	4	398	93
448	4	395	95
448	4	394	95
449	4	398	93
449	4	395	95
449	4	394	95
451	4	398	93
451	4	395	95
451	4	394	95
452	4	398	93
452	4	395	95
452	4	394	95
453	5	398	93
453	5	395	95
453	5	394	95
454	5	398	93
454	5	395	95
454	5	394	95
456	5	398	93
456	5	395	95
456	5	394	95
457	6	398	93
457	6	395	95
457	6	394	95
458	6	406	91
458	6	398	93
458	6	395	95
458	6	394	95
459	6	398	93
459	6	395	95
459	6	394	95
460	6	406	91
460	6	398	93
460	6	395	95
460	6	394	95
462	7	398	93
462	7	395	95
462	7	394	95
463	7	398	93
463	7	395	95
463	7	394	95
464	7	398	93
464	7	395	95
464	7	394	95
465	8	398	93
465	8	395	95
465	8	394	95
466	8	406	91
466	8	398	93
466	8	395	95
466	8	394	95
468	8	398	93
468	8	395	95
468	8	394	95
469	8	398	93
469	8	395	95
469	8	394	95
470	9	398	93
470	9	395	95
470	9	394	95
471	9	406	91
471	9	398	93
471	9	395	95
471	9	394	95
472	9	398	93
472	9	395	95
472	9	394	95
474	10	398	93
474	10	395	95
474	10	394	95
475	10	398	93
475	10	395	95
475	10	394	95
476	10	398	93
476	10	395	95
476	10	394	95
477	10	398	93
477	10	395	95
477	10	394	95
478	11	398	93
478	11	395	95
478	11	394	95
480	11	398	93
480	11	395	95
480	11	394	95
481	11	398	93
481	11	395	95
481	11	394	95
482	12	398	93
482	12	395	95
482	12	394	95
483	12	398	93
483	12	395	95
483	12	394	95
488	14	406	91
488	14	398	93
488	14	395	95
488	14	394	95
498	23	398	93
498	23	395	95
498	23	394	95
506	37	398	93
506	37	395	95
506	37	394	95
508	49	398	93
508	49	395	95
508	49	394	95
503	54	398	93
503	54	395	95
503	54	394	95
492	56	398	93
492	56	395	95
492	56	394	95
477	61	398	93
477	61	395	95
477	61	394	95
462	68	395	95
462	68	394	95
445	75	398	93
445	75	395	95
445	75	394	95
397	95	392	136
397	95	389	137
404	92	400	133
404	92	392	136
404	92	389	137
417	88	412	130
417	88	400	133
417	88	392	136
417	88	389	137
435	84	426	126
435	84	412	130
435	84	400	133
435	84	392	136
435	84	389	137
456	81	443	122
456	81	426	126
456	81	412	130
456	81	400	133
456	81	392	136
456	81	389	137
478	78	461	118
478	78	443	122
478	78	426	126
478	78	412	130
478	78	400	133
478	78	392	136
478	78	389	137
497	75	479	115
497	75	461	118
497	75	443	122
497	75	426	126
497	75	412	130
497	75	400	133
497	75	392	136
497	75	389	137
512	73	461	118
512	73	443	122
512	73	426	126
512	73	412	130
512	73	400	133
512	73	392	136
512	73	389	137
524	74	461	118
524	74	443	122
524	74	426	126
524	74	412	130
524	74	400	133
524	74	392	136
524	74	389	137
535	77	461	118
535	77	443	122
535	77	426	126
535	77	412	130
535	77	400	133
535	77	392	136
535	77	389	137
545	79	479	115
545	79	461	118
545	79	443	122
545	79	426	126
545	79	412	130
545	79	400	133
545	79	392	136
545	79	389	137
555	83	479	115
555	83	461	118
555	83	443	122
555	83	426	126
555	83	412	130
555	83	400	133
555	83	392	136
555	83	389	137
561	88	479	115
561	88	461	118
561	88	443	122
561	88	426	126
561	88	412	130
561	88	400	133
561	88	392	136
561	88	389	137
563	95	479	115
563	95	461	118
563	95	443	122
563	95	426	126
563	95	412	130
563	95	400	133
563	95	392	136
563	95	389	137
561	100	479	115
561	100	461	118
561	100	443	122
561	100	426	126
561	100	412	130
561	100	400	133
561	100	392	136
561	100	389	137
554	105	479	115
554	105	461	118
554	105	443	122
554	105	426	126
554	105	412	130
554	105	400	133
554	105	392	136
554	105	389	137
543	108	479	115
543	108	461	118
543	108	443	122
543	108	426	126
543	108	412	130
543	108	400	133
543	108	392	136
543	108	389	137
529	110	443	122
529	110	426	126
529	110	412	130
529	110	400	133
529	110	392	136
529	110	389	137
514	111	443	122
514	111	426	126
514	111	412	130
514	111	400	133
514	111	392	136
514	111	389	137
497	113	412	130
497	113	400	133
497	113	392	136
497	113	389	137
479	115	412	130
479	115	400	133
479	115	392	136
479	115	389	137
461	118	400	133
461	118	392	136
461	118	389	137
390	118	389	166
390	118	387	167
390	118	386	167
401	117	401	160
401	117	396	162
401	117	392	164
401	117	389	166
401	117	387	167
401	117	386	167
417	115	415	155
417	115	407	157
417	115	401	160
417	115	396	162
417	115	392	164
417	115	389	166
417	115	387	167
417	115	386	167
437	114	415	155
437	114	407	157
437	114	401	160
437	114	396	162
437	114	392	164
437	114	389	166
437	114	387	167
437	114	386	167
458	111	415	155
458	111	407	157
458	111	401	160
458	111	396	162
458	111	392	164
458	111	389	166
458	111	387	167
458	111	386	167
479	109	407	157
479	109	401	160
479	109	396	162
479	109	392	164
479	109	389	166
479	109	387	167
479	109	386	167
499	109	424	153
499	109	415	155
499	109	407	157
499	109	401	160
499	109	396	162
499	109	392	164
499	109	389	166
499	109	387	167
499	109	386	167
517	111	415	155
517	111	407	157
517	111	401	160
517	111	396	162
517	111	392	164
517	111	389	166
517	111	387	167
517	111	386	167
529	114	415	155
529	114	407	157
529	114	401	160
529	114	396	162
529	114	392	164
529	114	389	166
529	114	387	167
529	114	386	167
535	118	415	155
535	118	407	157
535	118	401	160
535	118	396	162
535	118	392	164
535	118	389	166
535	118	387	167
535	118	386	167
534	121	415	155
534	121	407	157
534	121	401	160
534	121	396	162
534	121	392	164
534	121	389	166
534	121	387	167
534	121	386	167
530	125	415	155
530	125	407	157
530	125	401	160
530	125	396	162
530	125	392	164
530	125	389	166
530	125	387	167
530	125	386	167
521	129	415	155
521	129	407	157
521	129	401	160
521	129	396	162
521	129	392	164
521	129	389	166
521	129	387	167
521	129	386	167
510	133	415	155
510	133	407	157
510	133	401	160
510	133	396	162
510	133	392	164
510	133	389	166
510	133	387	167
510	133	386	167
498	138	401	160
498	138	396	162
498	138	392	164
498	138	389	166
498	138	387	167
498	138	386	167
485	142	392	164
485	142	389	166
485	142	387	167
485	142	386	167
402	158	400	202
402	158	398	203
413	151	407	198
413	151	403	200
413	151	400	202
413	151	398	203
425	142	421	192
425	142	414	195
425	142	407	198
425	142	403	200
425	142	400	202
425	142	398	203
438	133	430	187
438	133	421	192
438	133	414	195
438	133	407	198
438	133	403	200
438	133	400	202
438	133	398	203
454	128	430	187
454	128	421	192
454	128	414	195
454	128	407	198
454	128	403	200
454	128	400	202
454	128	398	203
469	123	430	187
469	123	421	192
469	123	414	195
469	123	407	198
469	123	403	200
469	123	400	202
469	123	398	203
484	119	430	187
484	119	421	192
484	119	414	195
484	119	407	198
484	119	403	200
484	119	400	202
484	119	398	203
497	116	430	187
497	116	421	192
497	116	414	195
497	116	407	198
497	116	403	200
497	116	400	202
497	116	398	203
509	116	430	187
509	116	421	192
509	116	414	195
509	116	407	198
509	116	403	200
509	116	400	202
509	116	398	203
520	117	430	187
520	117	421	192
520	117	414	195
520	117	407	198
520	117	403	200
520	117	400	202
520	117	398	203
529	119	430	187
529	119	421	192
529	119	414	195
529	119	407	198
529	119	403	200
529	119	400	202
529	119	398	203
536	122	430	187
536	122	421	192
536	122	414	195
536	122	407	198
536	122	403	200
536	122	400	202
536	122	398	203
541	126	430	187
541	126	421	192
541	126	414	195
541	126	407	198
541	126	403	200
541	126	400	202
541	126	398	203
542	129	430	187
542	129	421	192
542	129	414	195
542	129	407	198
542	129	403	200
542	129	400	202
542	129	398	203
540	132	430	187
540	132	421	192
540	132	414	195
540	132	407	198
540	132	403	200
540	132	400	202
540	132	398	203
534	135	430	187
534	135	421	192
534	135	414	195
534	135	407	198
534	135	403	200
534	135	400	202
534	135	398	203
524	141	430	187
524	141	421	192
524	141	414	195
524	141	407	198
524	141	403	200
524	141	400	202
524	141	398	203
512	149	430	187
512	149	421	192
512	149	414	195
512	149	407	198
512	149	403	200
512	149	400	202
512	149	398	203
497	157	430	187
497	157	421	192
497	157	414	195
497	157	407	198
497	157	403	200
497	157	400	202
497	157	398	203
482	163	430	187
482	163	421	192
482	163	414	195
482	163	407	198
482	163	403	200
482	163	400	202
482	163	398	203
467	169	430	187
467	169	421	192
467	169	414	195
467	169	407	198
467	169	403	200
467	169	400	202
467	169	398	203
452	176	421	192
452	176	414	195
452	176	407	198
452	176	403	200
452	176	400	202
452	176	398	203
440	182	421	192
440	182	414	195
440	182	407	198
440	182	403	200
440	182	400	202
440	182	398	203
430	187	407	198
430	187	403	200
430	187	400	202
430	187	398	203
421	192	403	200
421	192	400	202
421	192	398	203
417	177	417	240
417	177	413	244
417	177	410	246
417	177	410	247
430	167	427	232
430	167	422	236
430	167	417	240
430	167	413	244
430	167	410	246
430	167	410	247
445	155	440	223
445	155	433	227
445	155	427	232
445	155	422	236
445	155	417	240
445	155	413	244
445	155	410	246
445	155	410	247
462	145	460	211
462	145	453	215
462	145	447	219
462	145	440	223
462	145	433	227
462	145	427	232
462	145	422	236
462	145	417	240
462	145	413	244
462	145	410	246
462	145	410	247
481	139	473	202
481	139	467	206
481	139	460	211
481	139	453	215
481	139	447	219
481	139	440	223
481	139	433	227
481	139	427	232
481	139	422	236
481	139	417	240
481	139	413	244
481	139	410	246
481	139	410	247
500	137	473	202
500	137	467	206
500	137	460	211
500	137	453	215
500	137	447	219
500	137	440	223
500	137	433	227
500	137	427	232
500	137	422	236
500	137	417	240
500	137	413	244
500	137	410	246
500	137	410	247
516	137	480	199
516	137	473	202
516	137	467	206
516	137	460	211
516	137	453	215
516	137	447	219
516	137	440	223
516	137	433	227
516	137	427	232
516	137	422	236
516	137	417	240
516	137	413	244
516	137	410	246
516	137	410	247
528	142	480	199
528	142	473	202
528	142	467	206
528	142	460	211
528	142	453	215
528	142	447	219
528	142	440	223
528	142	433	227
528	142	427	232
528	142	422	236
528	142	417	240
528	142	413	244
528	142	410	246
528	142	410	247
535	148	473	202
535	148	467	206
535	148	460	211
535	148	453	215
535	148	447	219
535	148	440	223
535	148	433	227
535	148	427	232
535	148	422	236
535	148	417	240
535	148	413	244
535	148	410	246
535	148	410	247
537	152	473	202
537	152	467	206
537	152	460	211
537	152	453	215
537	152	447	219
537	152	440	223
537	152	433	227
537	152	427	232
537	152	422	236
537	152	417	240
537	152	413	244
537	152	410	246
537	152	410	247
535	155	473	202
535	155	467	206
535	155	460	211
535	155	453	215
535	155	447	219
535	155	440	223
535	155	433	227
535	155	427	232
535	155	422	236
535	155	417	240
535	155	413	244
535	155	410	246
535	155	410	247
531	160	473	202
531	160	467	206
531	160	460	211
531	160	453	215
531	160	447	219
531	160	440	223
531	160	433	227
531	160	427	232
531	160	422	236
531	160	417	240
531	160	413	244
531	160	410	246
531	160	410	247
527	167	473	202
527	167	467	206
527	167	460	211
527	167	453	215
527	167	447	219
527	167	440	223
527	167	433	227
527	167	427	232
527	167	422	236
527	167	417	240
527	167	413	244
527	167	410	246
527	167	410	247
523	173	473	202
523	173	467	206
523	173	460	211
523	173	453	215
523	173	447	219
523	173	440	223
523	173	433	227
523	173	427	232
523	173	422	236
523	173	417	240
523	173	413	244
523	173	410	246
523	173	410	247
518	178	453	215
518	178	447	219
518	178	440	223
518	178	433	227
518	178	427	232
518	178	422	236
518	178	417	240
518	178	413	244
518	178	410	246
518	178	410	247
514	184	453	215
514	184	447	219
514	184	440	223
514	184	433	227
514	184	427	232
514	184	422	236
514	184	417	240
514	184	413	244
514	184	410	246
514	184	410	247
509	189	453	215
509	189	447	219
509	189	440	223
509	189	433	227
509	189	427	232
509	189	422	236
509	189	417	240
509	189	413	244
509	189	410	246
509	189	410	247
504	191	447	219
504	191	440	223
504	191	433	227
504	191	427	232
504	191	422	236
504	191	417	240
504	191	413	244
504	191	410	246
504	191	410	247
497	193	440	223
497	193	433	227
497	193	427	232
497	193	422	236
497	193	417	240
497	193	413	244
497	193	410	246
497	193	410	247
491	195	440	223
491	195	433	227
491	195	427	232
491	195	422	236
491	195	417	240
491	195	413	244
491	195	410	246
491	195	410	247
486	197	433	227
486	197	427	232
486	197	422	236
486	197	417	240
486	197	413	244
486	197	410	246
486	197	410	247
480	199	433	227
480	199	427	232
480	199	422	236
480	199	417	240
480	199	413	244
480	199	410	246
480	199	410	247
473	202	427	232
473	202	422	236
473	202	417	240
473	202	413	244
473	202	410	246
473	202	410	247
467	206	422	236
467	206	417	240
467	206	413	244
467	206	410	246
467	206	410	247
460	211	417	240
460	211	413	244
460	211	410	246
460	211	410	247
453	215	413	244
453	215	410	246
453	215	410	247
447	219	410	246
447	219	410	247
440	223	410	246
440	223	410	247
433	227	410	246
433	227	410	247
427	232	410	246
427	232	410	247
501	210	455	256
501	210	445	260
501	210	437	264
501	210	431	268
501	210	426	272
501	210	424	273
497	214	445	260
497	214	437	264
497	214	431	268
497	214	426	272
497	214	424	273
491	222	437	264
491	222	431	268
491	222	426	272
491	222	424	273
483	231	431	268
483	231	426	272
483	231	424	273
475	242	424	273
442	252	437	294
442	252	434	296
442	252	434	296
454	239	450	287
454	239	442	291
454	239	437	294
454	239	434	296
454	239	434	296
469	224	468	280
469	224	459	283
469	224	450	287
469	224	442	291
469	224	437	294
469	224	434	296
469	224	434	296
486	211	468	280
486	211	459	283
486	211	450	287
486	211	442	291
486	211	437	294
486	211	434	296
486	211	434	296
504	204	468	280
504	204	459	283
504	204	450	287
504	204	442	291
504	204	437	294
504	204	434	296
504	204	434	296
519	203	468	280
519	203	459	283
519	203	450	287
519	203	442	291
519	203	437	294
519	203	434	296
519	203	434	296
529	207	468	280
529	207	459	283
529	207	450	287
529	207	442	291
529	207	437	294
529	207	434	296
529	207	434	296
534	217	468	280
534	217	459	283
534	217	450	287
534	217	442	291
534	217	437	294
534	217	434	296
534	217	434	296
535	229	468	280
535	229	459	283
535	229	450	287
535	229	442	291
535	229	437	294
535	229	434	296
535	229	434	296
531	239	468	280
531	239	459	283
531	239	450	287
531	239	442	291
531	239	437	294
531	239	434	296
531	239	434	296
524	246	468	280
524	246	459	283
524	246	450	287
524	246	442	291
524	246	437	294
524	246	434	296
524	246	434	296
515	251	459	283
515	251	450	287
515	251	442	291
515	251	437	294
515	251	434	296
515	251	434	296
506	256	459	283
506	256	450	287
506	256	442	291
506	256	437	294
506	256	434	296
506	256	434	296
497	262	450	287
497	262	442	291
497	262	437	294
497	262	434	296
497	262	434	296
490	267	442	291
490	267	437	294
490	267	434	296
490	267	434	296
483	271	437	294
483	271	434	296
483	271	434	296
476	276	434	296
515	282	454	326
515	282	451	329
515	282	451	330
510	286	454	326
510	286	451	329
510	286	451	330
503	291	451	329
503	291	451	330
467	323	466	365
467	323	466	366
478	317	477	359
478	317	475	361
478	317	473	362
478	317	470	364
478	317	468	365
478	317	466	365
478	317	466	366
490	310	482	356
490	310	479	358
490	310	477	359
490	310	475	361
490	310	473	362
490	310	470	364
490	310	468	365
490	310	466	365
490	310	466	366
503	303	486	353
503	303	482	356
503	303	479	358
503	303	477	359
503	303	475	361
503	303	473	362
503	303	470	364
503	303	468	365
503	303	466	365
503	303	466	366
515	299	486	353
515	299	482	356
515	299	479	358
515	299	477	359
515	299	475	361
515	299	473	362
515	299	470	364
515	299	468	365
515	299	466	365
515	299	466	366
525	297	486	353
525	297	482	356
525	297	479	358
525	297	477	359
525	297	475	361
525	297	473	362
525	297	470	364
525	297	468	365
525	297	466	365
525	297	466	366
532	298	486	353
532	298	482	356
532	298	479	358
532	298	477	359
532	298	475	361
532	298	473	362
532	298	470	364
532	298	468	365
532	298	466	365
532	298	466	366
534	301	486	353
534	301	482	356
534	301	479	358
534	301	477	359
534	301	475	361
534	301	473	362
534	301	470	364
534	301	468	365
534	301	466	365
534	301	466	366
532	307	486	353
532	307	482	356
532	307	479	358
532	307	477	359
532	307	475	361
532	307	473	362
532	307	470	364
532	307	468	365
532	307	466	365
532	307	466	366
529	316	486	353
529	316	482	356
529	316	479	358
529	316	477	359
529	316	475	361
529	316	473	362
529	316	470	364
529	316	468	365
529	316	466	365
529	316	466	366
524	326	482	356
524	326	479	358
524	326	477	359
524	326	475	361
524	326	473	362
524	326	470	364
524	326	468	365
524	326	466	365
524	326	466	366
518	334	479	358
518	334	477	359
518	334	475	361
518	334	473	362
518	334	470	364
518	334	468	365
518	334	466	365
518	334	466	366
510	339	473	362
510	339	470	364
510	339	468	365
510	339	466	365
510	339	466	366
513	390	502	423
513	390	500	424
513	390	499	425
513	390	499	426
513	390	499	426
523	389	502	423
523	389	501	424
523	389	500	424
523	389	499	425
523	389	499	426
523	389	499	426
530	390	502	423
530	390	501	424
530	390	500	424
530	390	499	425
530	390	499	426
530	390	499	426
534	390	502	423
534	390	500	424
534	390	499	425
534	390	499	426
534	390	499	426
535	392	502	423
535	392	500	424
535	392	499	425
535	392	499	426
535	392	499	426
533	394	508	419
533	394	506	420
533	394	505	421
533	394	504	422
533	394	503	423
533	394	502	423
533	394	501	424
533	394	500	424
533	394	499	425
533	394	499	426
533	394	499	426
531	398	506	420
531	398	505	421
531	398	504	422
531	398	503	423
531	398	502	423
531	398	501	424
531	398	500	424
531	398	499	425
531	398	499	426
531	398	499	426
527	403	500	424
527	403	499	425
527	403	499	426
527	403	499	426
531	413	513	452
540	411	513	452
547	411	513	452
552	413	513	452
554	416	513	452
553	419	513	452
551	422	513	452
549	426	513	452
549	426	513	452
545	431	513	452
541	435	513	452
541	435	513	452
537	439	513	452
614	273	501	458
614	273	498	457
614	273	495	456
614	273	491	455
614	273	486	454
614	273	481	453
614	273	476	452
614	273	471	451
614	273	468	451
614	273	466	450
613	277	501	458
613	277	498	457
613	277	495	456
613	277	491	455
613	277	486	454
613	277	481	453
613	277	476	452
613	277	471	451
613	277	468	451
613	277	466	450
613	283	501	458
613	283	498	457
613	283	495	456
613	283	491	455
613	283	486	454
613	283	481	453
613	283	476	452
613	283	471	451
613	283	468	451
613	283	466	450
612	290	514	461
612	290	508	460
612	290	504	459
612	290	501	458
612	290	498	457
612	290	495	456
612	290	491	455
612	290	486	454
612	290	481	453
612	290	476	452
612	290	471	451
612	290	468	451
612	290	466	450
611	297	508	460
611	297	504	459
611	297	501	458
611	297	498	457
611	297	495	456
611	297	491	455
611	297	486	454
611	297	481	453
611	297	476	452
611	297	471	451
611	297	468	451
611	297	466	450
611	303	501	458
611	303	498	457
611	303	495	456
611	303	491	455
611	303	486	454
611	303	481	453
611	303	476	452
611	303	471	451
611	303	468	451
611	303	466	450
612	310	498	457
612	310	495	456
612	310	491	455
612	310	486	454
612	310	481	453
612	310	476	452
612	310	471	451
612	310	468	451
612	310	466	450
612	317	518	461
612	317	514	461
612	317	511	460
612	317	508	460
612	317	504	459
612	317	501	458
612	317	498	457
612	317	495	456
612	317	491	455
612	317	486	454
612	317	481	453
612	317	476	452
612	317	471	451
612	317	468	451
612	317	466	450
611	325	504	459
611	325	501	458
611	325	498	457
611	325	495	456
611	325	491	455
611	325	486	454
611	325	481	453
611	325	476	452
611	325	471	451
611	325	468	451
611	325	466	450
609	333	504	459
609	333	501	458
609	333	498	457
609	333	495	456
609	333	491	455
609	333	486	454
609	333	481	453
609	333	476	452
609	333	471	451
609	333	468	451
609	333	466	450
606	343	498	457
606	343	495	456
606	343	491	455
606	343	486	454
606	343	481	453
606	343	476	452
606	343	471	451
606	343	468	451
606	343	466	450
603	354	498	457
603	354	495	456
603	354	491	455
603	354	486	454
603	354	481	453
603	354	476	452
603	354	471	451
603	354	468	451
603	354	466	450
598	365	504	459
598	365	501	458
598	365	498	457
598	365	495	456
598	365	491	455
598	365	486	454
598	365	481	453
598	365	476	452
598	365	471	451
598	365	468	451
598	365	466	450
592	377	491	455
592	377	486	454
592	377	481	453
592	377	476	452
592	377	471	451
592	377	468	451
592	377	466	450
585	388	491	455
585	388	486	454
585	388	481	453
585	388	476	452
585	388	471	451
585	388	468	451
585	388	466	450
576	398	491	455
576	398	486	454
576	398	481	453
576	398	476	452
576	398	471	451
576	398	468	451
576	398	466	450
568	407	491	455
568	407	486	454
568	407	481	453
568	407	476	452
568	407	471	451
568	407	468	451
568	407	466	450
561	414	491	455
561	414	486	454
561	414	481	453
561	414	476	452
561	414	471	451
561	414	468	451
561	414	466	450
557	420	491	455
557	420	486	454
557	420	481	453
557	420	476	452
557	420	471	451
557	420	468	451
557	420	466	450
555	425	491	455
555	425	486	454
555	425	481	453
555	425	476	452
555	425	471	451
555	425	468	451
555	425	466	450
554	431	491	455
554	431	486	454
554	431	481	453
554	431	476	452
554	431	471	451
554	431	468	451
554	431	466	450
553	436	491	455
553	436	486	454
553	436	481	453
553	436	476	452
553	436	471	451
553	436	468	451
553	436	466	450
552	440	491	455
552	440	486	454
552	440	481	453
552	440	476	452
552	440	471	451
552	440	468	451
552	440	466	450
552	446	495	456
552	446	491	455
552	446	486	454
552	446	481	453
552	446	476	452
552	446	471	451
552	446	468	451
552	446	466	450
551	452	491	455
551	452	486	454
551	452	481	453
551	452	476	452
551	452	471	451
551	452	468	451
551	452	466	450
550	457	491	455
550	457	486	454
550	457	481	453
550	457	476	452
550	457	471	451
550	457	468	451
550	457	466	450
549	460	491	455
549	460	486	454
549	460	481	453
549	460	476	452
549	460	471	451
549	460	468	451
549	460	466	450
548	462	495	456
548	462	491	455
548	462	486	454
548	462	481	453
548	462	476	452
548	462	471	451
548	462	468	451
548	462	466	450
547	462	495	456
547	462	491	455
547	462	486	454
547	462	481	453
547	462	476	452
547	462	471	451
547	462	468	451
547	462	466	450
546	462	491	455
546	462	486	454
546	462	481	453
546	462	476	452
546	462	471	451
546	462	468	451
546	462	466	450
544	462	491	455
544	462	486	454
544	462	481	453
544	462	476	452
544	462	471	451
544	462	468	451
544	462	466	450
542	462	491	455
542	462	486	454
542	462	481	453
542	462	476	452
542	462	471	451
542	462	468	451
542	462	466	450
538	462	491	455
538	462	486	454
538	462	481	453
538	462	476	452
538	462	471	451
538	462	468	451
538	462	466	450
534	462	491	455
534	462	486	454
534	462	481	453
534	462	476	452
534	462	471	451
534	462	468	451
534	462	466	450
530	462	486	454
530	462	481	453
530	462	476	452
530	462	471	451
530	462	468	451
530	462	466	450
528	461	486	454
528	461	481	453
528	461	476	452
528	461	471	451
528	461	468	451
528	461	466	450
525	461	486	454
525	461	481	453
525	461	476	452
525	461	471	451
525	461	468	451
525	461	466	450
523	461	486	454
523	461	481	453
523	461	476	452
523	461	471	451
523	461	468	451
523	461	466	450
521	461	481	453
521	461	476	452
521	461	471	451
521	461	468	451
521	461	466	450
518	461	481	453
518	461	476	452
518	461	471	451
518	461	468	451
518	461	466	450
514	461	481	453
514	461	476	452
514	461	471	451
514	461	468	451
514	461	466	450
511	460	476	452
511	460	471	451
511	460	468	451
511	460	466	450
508	460	476	452
508	460	471	451
508	460	468	451
508	460	466	450
504	459	471	451
504	459	468	451
504	459	466	450
501	458	468	451
501	458	466	450
498	457	466	450
494	443	435	417
494	443	434	416
500	448	435	417
500	448	434	416
500	453	435	417
500	453	434	416
494	457	435	417
494	457	434	416
484	458	435	417
484	458	434	416
423	369	414	343
465	373	414	343
484	370	414	343
497	363	414	343
502	356	414	343
500	352	414	343
490	351	414	343
498	340	397	300
498	340	395	299
493	337	397	300
493	337	395	299
485	333	397	300
485	333	395	299
474	328	395	299
396	298	392	272
396	298	389	270
402	299	399	275
402	299	392	272
402	299	389	270
414	304	410	279
414	304	399	275
414	304	392	272
414	304	389	270
431	311	410	279
431	311	399	275
431	311	392	272
431	311	389	270
451	318	435	288
451	318	410	279
451	318	399	275
451	318	392	272
451	318	389	270
472	323	435	288
472	323	422	284
472	323	410	279
472	323	399	275
472	323	392	272
472	323	389	270
490	326	410	279
490	326	399	275
490	326	392	272
490	326	389	270
502	324	435	288
502	324	422	284
502	324	410	279
502	324	399	275
502	324	392	272
502	324	389	270
507	319	435	288
507	319	422	284
507	319	410	279
507	319	399	275
507	319	392	272
507	319	389	270
506	314	410	279
506	314	399	275
506	314	392	272
506	314	389	270
500	309	410	279
500	309	399	275
500	309	392	272
500	309	389	270
490	305	422	284
490	305	410	279
490	305	399	275
490	305	392	272
490	305	389	270
477	300	392	272
477	300	389	270
463	296	410	279
463	296	399	275
463	296	392	272
463	296	389	270
491	275	406	251
491	275	398	249
491	275	392	248
491	275	389	247
488	274	398	249
488	274	392	248
488	274	389	247
484	272	398	249
484	272	392	248
484	272	389	247
479	269	398	249
479	269	392	248
479	269	389	247
473	266	398	249
473	266	392	248
473	266	389	247
466	264	398	249
466	264	392	248
466	264	389	247
457	261	392	248
457	261	389	247
447	258	398	249
447	258	392	248
447	258	389	247
437	255	389	247
402	249	393	230
416	254	408	233
416	254	401	232
416	254	396	231
416	254	393	230
432	261	429	234
432	261	418	233
432	261	408	233
432	261	401	232
432	261	396	231
432	261	393	230
450	269	442	235
450	269	429	234
450	269	418	233
450	269	408	233
450	269	401	232
450	269	396	231
450	269	393	230
469	277	468	239
469	277	455	237
469	277	442	235
469	277	429	234
469	277	418	233
469	277	408	233
469	277	401	232
469	277	396	231
469	277	393	230
488	283	468	239
488	283	455	237
488	283	442	235
488	283	429	234
488	283	418	233
488	283	408	233
488	283	401	232
488	283	396	231
488	283	393	230
505	288	468	239
505	288	455	237
505	288	442	235
505	288	429	234
505	288	418	233
505	288	408	233
505	288	401	232
505	288	396	231
505	288	393	230
521	289	468	239
521	289	455	237
521	289	442	235
521	289	429	234
521	289	418	233
521	289	408	233
521	289	401	232
521	289	396	231
521	289	393	230
533	286	468	239
533	286	455	237
533	286	442	235
533	286	429	234
533	286	418	233
533	286	408	233
533	286	401	232
533	286	396	231
533	286	393	230
542	280	468	239
542	280	455	237
542	280	442	235
542	280	429	234
542	280	418	233
542	280	408	233
542	280	401	232
542	280	396	231
542	280	393	230
549	272	468	239
549	272	455	237
549	272	442	235
549	272	429	234
549	272	418	233
549	272	408	233
549	272	401	232
549	272	396	231
549	272	393	230
552	265	468	239
552	265	455	237
552	265	442	235
552	265	429	234
552	265	418	233
552	265	408	233
552	265	401	232
552	265	396	231
552	265	393	230
553	261	468	239
553	261	455	237
553	261	442	235
553	261	429	234
553	261	418	233
553	261	408	233
553	261	401	232
553	261	396	231
553	261	393	230
552	259	468	239
552	259	455	237
552	259	442	235
552	259	429	234
552	259	418	233
552	259	408	233
552	259	401	232
552	259	396	231
552	259	393	230
549	258	468	239
549	258	455	237
549	258	442	235
549	258	429	234
549	258	418	233
549	258	408	233
549	258	401	232
549	258	396	231
549	258	393	230
545	256	468	239
545	256	455	237
545	256	442	235
545	256	429	234
545	256	418	233
545	256	408	233
545	256	401	232
545	256	396	231
545	256	393	230
539	254	455	237
539	254	442	235
539	254	429	234
539	254	418	233
539	254	408	233
539	254	401	232
539	254	396	231
539	254	393	230
533	251	455	237
533	251	442	235
533	251	429	234
533	251	418	233
533	251	408	233
533	251	401	232
533	251	396	231
533	251	393	230
526	249	455	237
526	249	442	235
526	249	429	234
526	249	418	233
526	249	408	233
526	249	401	232
526	249	396	231
526	249	393	230
517	246	442	235
517	246	429	234
517	246	418	233
517	246	408	233
517	246	401	232
517	246	396	231
517	246	393	230
507	244	418	233
507	244	408	233
507	244	401	232
507	244	396	231
507	244	393	230
495	242	393	230
411	258	404	208
411	258	399	208
430	261	399	208
452	263	404	208
452	263	399	208
452	263	397	207
474	262	404	208
474	262	399	208
496	258	399	208
514	250	399	208
529	242	399	208
539	233	404	208
539	233	399	208
539	233	397	207
545	226	404	208
545	226	399	208
545	226	397	207
547	221	404	208
547	221	399	208
547	221	397	207
545	219	404	208
545	219	399	208
545	219	397	207
541	217	404	208
541	217	399	208
541	217	397	207
534	216	404	208
534	216	399	208
534	216	397	207
525	214	404	208
525	214	399	208
525	214	397	207
515	212	399	208
544	217	399	169
544	217	398	169
536	217	399	169
536	217	398	169
525	218	404	171
525	218	399	169
511	216	399	169
498	212	399	169
498	212	398	169
484	207	399	169
399	223	398	144
399	223	398	144
413	221	398	144
413	221	398	144
445	217	416	154
445	217	398	144
445	217	398	144
460	216	416	154
460	216	398	144
484	215	416	154
484	215	398	144
484	215	398	144
490	212	398	144
492	208	416	154
423	356	423	123
423	356	419	121
437	345	430	127
437	345	423	123
437	345	419	121
452	332	440	133
452	332	430	127
452	332	423	123
452	332	419	121
468	318	452	140
468	318	440	133
468	318	430	127
468	318	423	123
468	318	419	121
484	303	452	140
484	303	440	133
484	303	430	127
484	303	423	123
484	303	419	121
500	285	452	140
500	285	440	133
500	285	430	127
500	285	423	123
500	285	419	121
512	264	452	140
512	264	440	133
512	264	430	127
512	264	423	123
512	264	419	121
521	242	452	140
521	242	440	133
521	242	430	127
521	242	423	123
521	242	419	121
526	223	452	140
526	223	440	133
526	223	430	127
526	223	423	123
526	223	419	121
526	205	452	140
526	205	440	133
526	205	430	127
526	205	423	123
526	205	419	121
522	191	452	140
522	191	440	133
522	191	430	127
522	191	423	123
522	191	419	121
516	182	452	140
516	182	440	133
516	182	430	127
516	182	423	123
516	182	419	121
508	175	452	140
508	175	440	133
508	175	430	127
508	175	423	123
508	175	419	121
499	168	440	133
499	168	430	127
499	168	423	123
499	168	419	121
489	162	440	133
489	162	430	127
489	162	423	123
489	162	419	121
477	156	430	127
477	156	423	123
477	156	419	121
438	125	434	86
454	131	447	94
454	131	438	88
454	131	434	86
473	140	447	94
473	140	438	88
473	140	434	86
491	149	447	94
491	149	438	88
491	149	434	86
507	156	447	94
507	156	438	88
507	156	434	86
518	160	447	94
518	160	438	88
518	160	434	86
524	160	458	102
524	160	447	94
524	160	438	88
524	160	434	86
524	159	458	102
524	159	447	94
524	159	438	88
524	159	434	86
521	155	447	94
521	155	438	88
521	155	434	86
515	148	447	94
515	148	438	88
515	148	434	86
506	140	447	94
506	140	438	88
506	140	434	86
496	131	438	88
496	131	434	86
484	121	434	86
450	94	447	62
461	103	454	66
461	103	447	62
473	117	454	66
473	117	449	63
473	117	447	62
486	132	463	71
486	132	454	66
486	132	449	63
486	132	447	62
500	146	475	78
500	146	463	71
500	146	454	66
500	146	449	63
500	146	447	62
512	156	475	78
512	156	463	71
512	156	454	66
512	156	449	63
512	156	447	62
524	163	475	78
524	163	463	71
524	163	454	66
524	163	449	63
524	163	447	62
535	164	463	71
535	164	454	66
535	164	449	63
535	164	447	62
543	161	475	78
543	161	463	71
543	161	454	66
543	161	449	63
543	161	447	62
548	155	475	78
548	155	463	71
548	155	454	66
548	155	449	63
548	155	447	62
548	146	475	78
548	146	463	71
548	146	454	66
548	146	449	63
548	146	447	62
545	135	463	71
545	135	454	66
545	135	449	63
545	135	447	62
539	124	475	78
539	124	463	71
539	124	454	66
539	124	449	63
539	124	447	62
531	115	475	78
531	115	463	71
531	115	454	66
531	115	449	63
531	115	447	62
522	106	463	71
522	106	454	66
522	106	449	63
522	106	447	62
511	99	454	66
511	99	449	63
511	99	447	62
499	93	447	62
487	86	447	62
475	78	447	62
576	122	490	47
576	122	483	43
576	122	477	40
576	122	472	38
576	122	468	35
576	122	464	33
576	122	461	30
576	122	458	28
576	122	457	27
571	116	490	47
571	116	483	43
571	116	477	40
571	116	472	38
571	116	468	35
571	116	464	33
571	116	461	30
571	116	458	28
571	116	457	27
563	108	490	47
563	108	483	43
563	108	477	40
563	108	472	38
563	108	468	35
563	108	464	33
563	108	461	30
563	108	458	28
563	108	457	27
553	97	490	47
553	97	483	43
553	97	477	40
553	97	472	38
553	97	468	35
553	97	464	33
553	97	461	30
553	97	458	28
553	97	457	27
542	86	490	47
542	86	483	43
542	86	477	40
542	86	472	38
542	86	468	35
542	86	464	33
542	86	461	30
542	86	458	28
542	86	457	27
531	75	490	47
531	75	483	43
531	75	477	40
531	75	472	38
531	75	468	35
531	75	464	33
531	75	461	30
531	75	458	28
531	75	457	27
520	65	477	40
520	65	472	38
520	65	468	35
520	65	464	33
520	65	461	30
520	65	458	28
520	65	457	27
509	57	464	33
509	57	461	30
509	57	458	28
509	57	457	27
499	51	464	33
499	51	461	30
499	51	458	28
499	51	457	27
490	47	464	33
490	47	461	30
490	47	458	28
490	47	457	27
483	43	464	33
483	43	461	30
483	43	458	28
483	43	457	27
477	40	458	28
477	40	457	27
