565	220	454	223
565	220	448	223
565	220	443	223
565	220	439	223
565	220	435	222
565	220	431	221
565	220	429	221
565	220	428	221
563	220	454	223
563	220	448	223
563	220	443	223
563	220	439	223
563	220	435	222
563	220	431	221
563	220	429	221
563	220	428	221
559	220	454	223
559	220	448	223
559	220	443	223
559	220	439	223
559	220	435	222
559	220	431	221
559	220	429	221
559	220	428	221
554	221	460	224
554	221	454	223
554	221	448	223
554	221	443	223
554	221	439	223
554	221	435	222
554	221	431	221
554	221	429	221
554	221	428	221
547	221	454	223
547	221	448	223
547	221	443	223
547	221	439	223
547	221	435	222
547	221	431	221
547	221	429	221
547	221	428	221
539	221	454	223
539	221	448	223
539	221	443	223
539	221	439	223
539	221	435	222
539	221	431	221
539	221	429	221
539	221	428	221
531	221	454	223
531	221	448	223
531	221	443	223
531	221	439	223
531	221	435	222
531	221	431	221
531	221	429	221
531	221	428	221
524	221	454	223
524	221	448	223
524	221	443	223
524	221	439	223
524	221	435	222
524	221	431	221
524	221	429	221
524	221	428	221
518	222	454	223
518	222	448	223
518	222	443	223
518	222	439	223
518	222	435	222
518	222	431	221
518	222	429	221
518	222	428	221
513	222	448	223
513	222	443	223
513	222	439	223
513	222	435	222
513	222	431	221
513	222	429	221
513	222	428	221
508	222	448	223
508	222	443	223
508	222	439	223
508	222	435	222
508	222	431	221
508	222	429	221
508	222	428	221
505	222	443	223
505	222	439	223
505	222	435	222
505	222	431	221
505	222	429	221
505	222	428	221
501	223	443	223
501	223	439	223
501	223	435	222
501	223	431	221
501	223	429	221
501	223	428	221
496	223	439	223
496	223	435	222
496	223	431	221
496	223	429	221
496	223	428	221
491	223	435	222
491	223	431	221
491	223	429	221
491	223	428	221
485	223	435	222
485	223	431	221
485	223	429	221
485	223	428	221
531	178	432	175
531	178	432	174
531	178	435	173
531	178	442	172
520	176	432	175
520	176	432	174
520	176	435	173
520	176	442	172
620	160	425	115
618	158	425	115
615	156	425	115
615	156	423	115
615	156	423	114
607	152	434	118
607	152	429	117
607	152	425	115
607	152	423	115
607	152	423	114
593	148	425	115
593	148	423	115
593	148	423	114
575	143	425	115
575	143	423	115
575	143	423	114
555	140	434	118
555	140	429	117
555	140	425	115
555	140	423	115
555	140	423	114
536	137	429	117
536	137	425	115
536	137	423	115
536	137	423	114
518	134	425	115
518	134	423	115
518	134	423	114
503	132	429	117
503	132	425	115
503	132	423	115
503	132	423	114
491	130	425	115
491	130	423	115
491	130	423	114
623	162	448	90
623	162	440	89
621	158	448	90
621	158	440	89
621	158	434	89
616	152	448	90
616	152	440	89
616	152	434	89
616	152	429	89
608	144	448	90
608	144	440	89
608	144	434	89
608	144	429	89
608	144	425	88
608	144	421	87
608	144	418	87
608	144	417	87
595	135	448	90
595	135	440	89
595	135	434	89
595	135	429	89
595	135	425	88
595	135	421	87
595	135	418	87
595	135	417	87
595	135	417	87
579	127	448	90
579	127	440	89
579	127	434	89
579	127	429	89
579	127	425	88
579	127	421	87
579	127	418	87
579	127	417	87
579	127	417	87
562	120	448	90
562	120	440	89
562	120	434	89
562	120	429	89
562	120	425	88
562	120	421	87
562	120	418	87
562	120	417	87
562	120	417	87
545	113	434	89
545	113	429	89
545	113	425	88
545	113	421	87
545	113	418	87
545	113	417	87
545	113	417	87
528	106	434	89
528	106	429	89
528	106	425	88
528	106	421	87
528	106	418	87
528	106	417	87
528	106	417	87
513	100	434	89
513	100	429	89
513	100	425	88
513	100	421	87
513	100	418	87
513	100	417	87
513	100	417	87
499	96	429	89
499	96	425	88
499	96	421	87
499	96	418	87
499	96	417	87
499	96	417	87
487	94	421	87
487	94	418	87
487	94	417	87
487	94	417	87
476	92	418	87
604	131	427	63
604	131	422	62
604	131	419	61
604	131	419	60
587	120	427	63
587	120	422	62
587	120	419	61
587	120	419	60
567	109	427	63
567	109	422	62
567	109	419	61
567	109	419	60
547	98	427	63
547	98	422	62
547	98	419	61
547	98	419	60
526	88	427	63
526	88	422	62
526	88	419	61
526	88	419	60
508	79	427	63
508	79	422	62
508	79	419	61
508	79	419	60
492	73	422	62
492	73	419	61
492	73	419	60
478	70	422	62
478	70	419	61
478	70	419	60
466	68	419	60
456	68	419	60
584	303	421	311
560	307	421	311
631	327	434	335
627	329	430	336
616	330	430	336
616	330	427	338
616	330	423	339
616	330	420	340
616	330	417	341
597	332	430	336
597	332	427	338
597	332	423	339
597	332	420	340
597	332	417	341
597	332	416	342
572	333	430	336
572	333	427	338
572	333	423	339
572	333	420	340
572	333	417	341
572	333	416	342
544	335	430	336
544	335	427	338
544	335	423	339
544	335	420	340
544	335	417	341
544	335	416	342
519	336	430	336
519	336	427	338
519	336	423	339
519	336	420	340
519	336	417	341
519	336	416	342
497	336	427	338
497	336	423	339
497	336	420	340
497	336	417	341
497	336	416	342
478	333	416	342
464	331	417	341
464	331	416	342
453	330	416	342
613	355	424	367
613	355	422	368
613	355	420	368
613	355	419	369
613	355	418	369
613	355	418	369
595	360	426	366
595	360	424	367
595	360	422	368
595	360	420	368
595	360	419	369
595	360	418	369
595	360	418	369
570	364	422	368
570	364	420	368
570	364	419	369
570	364	418	369
570	364	418	369
544	367	424	367
544	367	422	368
544	367	420	368
544	367	419	369
544	367	418	369
544	367	418	369
518	368	422	368
518	368	419	369
518	368	418	369
518	368	418	369
496	367	419	369
496	367	418	369
476	365	422	368
476	365	419	369
476	365	418	369
459	362	422	368
459	362	419	369
459	362	418	369
416	369	424	400
420	367	432	400
420	367	428	400
420	367	426	400
420	367	424	400
428	363	442	399
428	363	437	399
428	363	432	400
428	363	428	400
428	363	426	400
428	363	424	400
442	357	424	400
461	349	432	400
461	349	428	400
461	349	426	400
461	349	424	400
483	339	428	400
483	339	426	400
483	339	424	400
508	329	471	399
508	329	462	399
508	329	455	399
508	329	448	399
508	329	442	399
508	329	437	399
508	329	432	400
508	329	428	400
508	329	426	400
508	329	424	400
533	320	471	399
533	320	462	399
533	320	455	399
533	320	448	399
533	320	442	399
533	320	437	399
533	320	432	400
533	320	428	400
533	320	426	400
533	320	424	400
557	313	471	399
557	313	462	399
557	313	455	399
557	313	448	399
557	313	442	399
557	313	437	399
557	313	432	400
557	313	428	400
557	313	426	400
557	313	424	400
577	309	471	399
577	309	462	399
577	309	455	399
577	309	448	399
577	309	442	399
577	309	437	399
577	309	432	400
577	309	428	400
577	309	426	400
577	309	424	400
590	308	471	399
590	308	462	399
590	308	455	399
590	308	448	399
590	308	442	399
590	308	437	399
590	308	432	400
590	308	428	400
590	308	426	400
590	308	424	400
597	313	471	399
597	313	462	399
597	313	455	399
597	313	448	399
597	313	442	399
597	313	437	399
597	313	432	400
597	313	428	400
597	313	426	400
597	313	424	400
597	323	471	399
597	323	462	399
597	323	455	399
597	323	448	399
597	323	442	399
597	323	437	399
597	323	432	400
597	323	428	400
597	323	426	400
597	323	424	400
592	336	471	399
592	336	462	399
592	336	455	399
592	336	448	399
592	336	442	399
592	336	437	399
592	336	432	400
592	336	428	400
592	336	426	400
592	336	424	400
585	351	471	399
585	351	462	399
585	351	455	399
585	351	448	399
585	351	442	399
585	351	437	399
585	351	432	400
585	351	428	400
585	351	426	400
585	351	424	400
576	366	471	399
576	366	462	399
576	366	455	399
576	366	448	399
576	366	442	399
576	366	437	399
576	366	432	400
576	366	428	400
576	366	426	400
576	366	424	400
565	376	471	399
565	376	462	399
565	376	455	399
565	376	448	399
565	376	442	399
565	376	437	399
565	376	432	400
565	376	428	400
565	376	426	400
565	376	424	400
552	384	471	399
552	384	462	399
552	384	455	399
552	384	448	399
552	384	442	399
552	384	437	399
552	384	432	400
552	384	428	400
552	384	426	400
552	384	424	400
537	389	471	399
537	389	462	399
537	389	455	399
537	389	448	399
537	389	442	399
537	389	437	399
537	389	432	400
537	389	428	400
537	389	426	400
537	389	424	400
523	393	471	399
523	393	462	399
523	393	455	399
523	393	448	399
523	393	442	399
523	393	437	399
523	393	432	400
523	393	428	400
523	393	426	400
523	393	424	400
508	396	462	399
508	396	455	399
508	396	448	399
508	396	437	399
508	396	432	400
508	396	428	400
508	396	426	400
508	396	424	400
494	398	442	399
494	398	437	399
494	398	432	400
494	398	428	400
494	398	426	400
494	398	424	400
481	399	428	400
471	399	426	400
462	399	428	400
462	399	426	400
455	399	426	400
455	399	424	400
448	399	424	400
482	411	473	442
499	408	480	443
499	408	473	442
516	407	480	443
516	407	473	442
531	408	487	444
531	408	480	443
545	410	480	443
555	412	487	444
555	412	480	443
555	412	473	442
561	417	480	443
564	422	480	443
564	422	473	442
562	428	480	443
558	432	480	443
550	435	480	443
550	435	473	442
541	439	487	444
541	439	480	443
521	445	460	440
517	384	436	456
544	375	436	457
544	375	436	456
568	369	436	457
568	369	436	456
604	371	436	456
602	376	436	456
596	383	436	457
596	383	436	456
587	394	436	457
587	394	436	456
576	406	436	456
553	427	436	457
553	427	436	456
541	434	436	457
541	434	436	456
531	441	436	457
531	441	436	456
521	447	436	457
521	447	436	456
513	453	436	456
505	458	436	457
505	458	436	456
531	214	454	39
531	214	446	39
531	214	438	39
529	193	446	39
529	193	438	39
529	193	431	38
529	193	426	36
529	193	422	35
529	193	420	34
527	173	438	39
527	173	431	38
527	173	426	36
527	173	422	35
527	173	420	34
525	154	454	39
525	154	446	39
525	154	438	39
525	154	431	38
525	154	426	36
525	154	422	35
525	154	420	34
523	135	454	39
523	135	446	39
523	135	438	39
523	135	431	38
523	135	426	36
523	135	422	35
523	135	420	34
522	117	446	39
522	117	438	39
522	117	431	38
522	117	426	36
522	117	422	35
522	117	420	34
520	101	454	39
520	101	446	39
520	101	438	39
520	101	431	38
520	101	426	36
520	101	422	35
520	101	420	34
519	87	446	39
519	87	438	39
519	87	431	38
519	87	426	36
519	87	422	35
519	87	420	34
517	76	446	39
517	76	438	39
517	76	431	38
517	76	426	36
517	76	422	35
517	76	420	34
515	67	446	39
515	67	438	39
515	67	431	38
515	67	426	36
515	67	422	35
515	67	420	34
512	60	454	39
512	60	438	39
512	60	431	38
512	60	426	36
512	60	422	35
512	60	420	34
507	55	446	39
507	55	438	39
507	55	431	38
507	55	426	36
507	55	422	35
507	55	420	34
502	50	446	39
502	50	438	39
502	50	431	38
502	50	426	36
502	50	422	35
502	50	420	34
496	46	446	39
496	46	438	39
496	46	431	38
496	46	426	36
496	46	422	35
496	46	420	34
489	42	438	39
489	42	431	38
489	42	426	36
489	42	422	35
489	42	420	34
482	39	438	39
482	39	431	38
482	39	426	36
482	39	422	35
482	39	420	34
475	38	438	39
475	38	431	38
475	38	426	36
475	38	422	35
475	38	420	34
469	38	422	35
469	38	420	34
462	39	422	35
462	39	420	34
454	39	422	35
539	25	455	17
539	25	443	16
539	25	434	15
539	25	428	14
539	25	424	14
539	25	422	13
539	25	422	13
529	22	469	17
529	22	443	16
529	22	434	15
529	22	428	14
529	22	424	14
529	22	422	13
529	22	422	13
516	19	443	16
516	19	434	15
516	19	428	14
516	19	424	14
516	19	422	13
516	19	422	13
501	17	428	14
501	17	424	14
501	17	422	13
501	17	422	13
590	207	480	220
590	207	476	220
590	207	472	220
590	207	468	220
590	207	464	220
590	207	460	220
590	207	455	220
590	207	452	221
590	207	448	221
590	207	445	221
590	207	442	221
590	207	439	221
590	207	437	221
590	207	435	221
590	207	434	221
590	207	434	221
587	206	480	220
587	206	476	220
587	206	472	220
587	206	468	220
587	206	464	220
587	206	460	220
587	206	455	220
587	206	452	221
587	206	448	221
587	206	445	221
587	206	439	221
587	206	437	221
587	206	435	221
587	206	434	221
587	206	434	221
584	205	480	220
584	205	476	220
584	205	472	220
584	205	468	220
584	205	464	220
584	205	460	220
584	205	455	220
584	205	452	221
584	205	448	221
584	205	445	221
584	205	442	221
584	205	439	221
584	205	437	221
584	205	435	221
584	205	434	221
584	205	434	221
580	204	480	220
580	204	476	220
580	204	472	220
580	204	468	220
580	204	464	220
580	204	460	220
580	204	455	220
580	204	452	221
580	204	448	221
580	204	445	221
580	204	442	221
580	204	439	221
580	204	437	221
580	204	435	221
580	204	434	221
580	204	434	221
576	204	480	220
576	204	476	220
576	204	472	220
576	204	468	220
576	204	464	220
576	204	460	220
576	204	455	220
576	204	452	221
576	204	448	221
576	204	445	221
576	204	442	221
576	204	439	221
576	204	437	221
576	204	435	221
576	204	434	221
576	204	434	221
572	205	480	220
572	205	476	220
572	205	472	220
572	205	468	220
572	205	464	220
572	205	460	220
572	205	455	220
572	205	452	221
572	205	448	221
572	205	445	221
572	205	442	221
572	205	439	221
572	205	437	221
572	205	435	221
572	205	434	221
572	205	434	221
566	206	480	220
566	206	476	220
566	206	472	220
566	206	468	220
566	206	464	220
566	206	460	220
566	206	455	220
566	206	452	221
566	206	448	221
566	206	445	221
566	206	442	221
566	206	439	221
566	206	437	221
566	206	435	221
566	206	434	221
566	206	434	221
560	207	480	220
560	207	476	220
560	207	472	220
560	207	468	220
560	207	464	220
560	207	460	220
560	207	455	220
560	207	452	221
560	207	448	221
560	207	445	221
560	207	442	221
560	207	439	221
560	207	437	221
560	207	435	221
560	207	434	221
560	207	434	221
554	209	476	220
554	209	472	220
554	209	468	220
554	209	464	220
554	209	460	220
554	209	455	220
554	209	452	221
554	209	448	221
554	209	445	221
554	209	442	221
554	209	439	221
554	209	437	221
554	209	435	221
554	209	434	221
554	209	434	221
551	211	476	220
551	211	472	220
551	211	468	220
551	211	464	220
551	211	460	220
551	211	455	220
551	211	452	221
551	211	448	221
551	211	445	221
551	211	442	221
551	211	439	221
551	211	437	221
551	211	435	221
551	211	434	221
551	211	434	221
548	212	480	220
548	212	476	220
548	212	472	220
548	212	468	220
548	212	464	220
548	212	460	220
548	212	455	220
548	212	452	221
548	212	448	221
548	212	445	221
548	212	442	221
548	212	439	221
548	212	437	221
548	212	435	221
548	212	434	221
548	212	434	221
547	213	476	220
547	213	472	220
547	213	468	220
547	213	464	220
547	213	460	220
547	213	455	220
547	213	452	221
547	213	448	221
547	213	445	221
547	213	442	221
547	213	439	221
547	213	437	221
547	213	435	221
547	213	434	221
547	213	434	221
546	214	476	220
546	214	472	220
546	214	468	220
546	214	464	220
546	214	460	220
546	214	455	220
546	214	452	221
546	214	448	221
546	214	445	221
546	214	442	221
546	214	439	221
546	214	437	221
546	214	435	221
546	214	434	221
546	214	434	221
543	214	476	220
543	214	472	220
543	214	468	220
543	214	464	220
543	214	460	220
543	214	455	220
543	214	452	221
543	214	448	221
543	214	445	221
543	214	442	221
543	214	439	221
543	214	437	221
543	214	435	221
543	214	434	221
543	214	434	221
541	215	476	220
541	215	472	220
541	215	468	220
541	215	464	220
541	215	460	220
541	215	455	220
541	215	452	221
541	215	448	221
541	215	445	221
541	215	442	221
541	215	439	221
541	215	437	221
541	215	435	221
541	215	434	221
541	215	434	221
538	216	476	220
538	216	472	220
538	216	468	220
538	216	464	220
538	216	460	220
538	216	455	220
538	216	452	221
538	216	448	221
538	216	445	221
538	216	442	221
538	216	439	221
538	216	437	221
538	216	435	221
538	216	434	221
538	216	434	221
535	217	468	220
535	217	464	220
535	217	460	220
535	217	455	220
535	217	452	221
535	217	448	221
535	217	445	221
535	217	442	221
535	217	439	221
535	217	437	221
535	217	435	221
535	217	434	221
535	217	434	221
533	218	468	220
533	218	464	220
533	218	460	220
533	218	455	220
533	218	452	221
533	218	448	221
533	218	445	221
533	218	442	221
533	218	439	221
533	218	437	221
533	218	435	221
533	218	434	221
533	218	434	221
531	219	468	220
531	219	464	220
531	219	460	220
531	219	455	220
531	219	452	221
531	219	448	221
531	219	445	221
531	219	442	221
531	219	439	221
531	219	437	221
531	219	435	221
531	219	434	221
531	219	434	221
529	220	464	220
529	220	460	220
529	220	455	220
529	220	452	221
529	220	448	221
529	220	445	221
529	220	442	221
529	220	439	221
529	220	437	221
529	220	435	221
529	220	434	221
529	220	434	221
526	220	464	220
526	220	460	220
526	220	455	220
526	220	452	221
526	220	448	221
526	220	445	221
526	220	442	221
526	220	439	221
526	220	437	221
526	220	435	221
526	220	434	221
526	220	434	221
524	221	460	220
524	221	455	220
524	221	452	221
524	221	448	221
524	221	445	221
524	221	442	221
524	221	439	221
524	221	437	221
524	221	435	221
524	221	434	221
524	221	434	221
521	221	455	220
521	221	452	221
521	221	448	221
521	221	445	221
521	221	442	221
521	221	439	221
521	221	437	221
521	221	435	221
521	221	434	221
521	221	434	221
517	221	452	221
517	221	448	221
517	221	445	221
517	221	442	221
517	221	439	221
517	221	437	221
517	221	435	221
517	221	434	221
517	221	434	221
514	221	445	221
514	221	442	221
514	221	439	221
514	221	437	221
514	221	435	221
514	221	434	221
514	221	434	221
511	221	445	221
511	221	442	221
511	221	439	221
511	221	437	221
511	221	435	221
511	221	434	221
511	221	434	221
507	220	445	221
507	220	442	221
507	220	439	221
507	220	437	221
507	220	435	221
507	220	434	221
507	220	434	221
504	220	442	221
504	220	439	221
504	220	437	221
504	220	435	221
504	220	434	221
504	220	434	221
500	220	439	221
500	220	437	221
500	220	435	221
500	220	434	221
496	220	435	221
496	220	434	221
543	208	439	193
543	208	435	192
543	208	432	191
543	208	432	190
540	207	439	193
540	207	435	192
540	207	432	191
540	207	432	190
535	206	439	193
535	206	435	192
535	206	432	191
535	206	432	190
528	204	439	193
528	204	435	192
528	204	432	191
528	204	432	190
520	202	439	193
520	202	435	192
520	202	432	191
520	202	432	190
511	200	439	193
511	200	435	192
511	200	432	191
511	200	432	190
501	199	439	193
501	199	435	192
501	199	432	191
501	199	432	190
434	190	435	157
434	190	428	154
434	190	421	152
434	190	416	150
434	190	412	149
434	190	410	148
440	190	435	157
440	190	428	154
440	190	421	152
440	190	416	150
440	190	412	149
440	190	410	148
449	192	428	154
449	192	421	152
449	192	416	150
449	192	412	149
449	192	410	148
463	193	428	154
463	193	421	152
463	193	416	150
463	193	412	149
463	193	410	148
478	194	435	157
478	194	428	154
478	194	421	152
478	194	416	150
478	194	412	149
478	194	410	148
495	194	435	157
495	194	428	154
495	194	421	152
495	194	416	150
495	194	412	149
495	194	410	148
510	194	435	157
510	194	428	154
510	194	421	152
510	194	416	150
510	194	412	149
510	194	410	148
523	192	435	157
523	192	428	154
523	192	421	152
523	192	416	150
523	192	412	149
523	192	410	148
531	190	435	157
531	190	428	154
531	190	421	152
531	190	416	150
531	190	412	149
531	190	410	148
535	187	435	157
535	187	428	154
535	187	421	152
535	187	416	150
535	187	412	149
535	187	410	148
534	185	435	157
534	185	428	154
534	185	421	152
534	185	416	150
534	185	412	149
534	185	410	148
529	182	435	157
529	182	428	154
529	182	421	152
529	182	416	150
529	182	412	149
529	182	410	148
522	178	435	157
522	178	428	154
522	178	421	152
522	178	416	150
522	178	412	149
522	178	410	148
513	175	435	157
513	175	428	154
513	175	421	152
513	175	416	150
513	175	412	149
513	175	410	148
503	172	435	157
503	172	428	154
503	172	421	152
503	172	416	150
503	172	412	149
503	172	410	148
492	170	416	150
492	170	412	149
492	170	410	148
482	167	428	154
482	167	421	152
482	167	416	150
482	167	412	149
482	167	410	148
471	166	435	157
471	166	421	152
471	166	416	150
471	166	412	149
471	166	410	148
460	164	412	149
460	164	410	148
466	165	470	144
466	165	462	142
466	165	454	141
466	165	447	139
466	165	441	137
466	165	435	136
466	165	431	134
466	165	428	133
466	165	426	132
466	165	425	132
483	171	489	148
483	171	479	146
483	171	470	144
483	171	462	142
483	171	454	141
483	171	447	139
483	171	441	137
483	171	435	136
483	171	431	134
483	171	428	133
483	171	426	132
483	171	425	132
498	177	499	151
498	177	489	148
498	177	479	146
498	177	470	144
498	177	447	139
498	177	441	137
498	177	435	136
498	177	431	134
498	177	428	133
498	177	426	132
498	177	425	132
513	180	499	151
513	180	489	148
513	180	479	146
513	180	470	144
513	180	462	142
513	180	454	141
513	180	447	139
513	180	441	137
513	180	435	136
513	180	431	134
513	180	428	133
513	180	426	132
513	180	425	132
526	181	489	148
526	181	479	146
526	181	470	144
526	181	462	142
526	181	454	141
526	181	447	139
526	181	441	137
526	181	435	136
526	181	431	134
526	181	428	133
526	181	426	132
526	181	425	132
535	179	489	148
535	179	479	146
535	179	470	144
535	179	462	142
535	179	454	141
535	179	447	139
535	179	441	137
535	179	435	136
535	179	431	134
535	179	428	133
535	179	426	132
535	179	425	132
541	174	489	148
541	174	479	146
541	174	470	144
541	174	462	142
541	174	454	141
541	174	447	139
541	174	441	137
541	174	435	136
541	174	431	134
541	174	428	133
541	174	426	132
541	174	425	132
542	170	489	148
542	170	479	146
542	170	470	144
542	170	462	142
542	170	454	141
542	170	447	139
542	170	441	137
542	170	435	136
542	170	431	134
542	170	428	133
542	170	426	132
542	170	425	132
539	165	499	151
539	165	470	144
539	165	462	142
539	165	454	141
539	165	447	139
539	165	441	137
539	165	435	136
539	165	431	134
539	165	428	133
539	165	426	132
539	165	425	132
534	162	479	146
534	162	470	144
534	162	462	142
534	162	454	141
534	162	447	139
534	162	441	137
534	162	435	136
534	162	431	134
534	162	428	133
534	162	426	132
534	162	425	132
527	158	499	151
527	158	470	144
527	158	462	142
527	158	454	141
527	158	447	139
527	158	441	137
527	158	435	136
527	158	431	134
527	158	428	133
527	158	426	132
527	158	425	132
518	155	470	144
518	155	462	142
518	155	454	141
518	155	447	139
518	155	441	137
518	155	435	136
518	155	431	134
518	155	428	133
518	155	426	132
518	155	425	132
509	153	470	144
509	153	462	142
509	153	454	141
509	153	447	139
509	153	441	137
509	153	435	136
509	153	431	134
509	153	428	133
509	153	426	132
509	153	425	132
499	151	454	141
499	151	447	139
499	151	441	137
499	151	428	133
499	151	426	132
499	151	425	132
489	148	435	136
489	148	431	134
489	148	428	133
489	148	426	132
489	148	425	132
479	146	435	136
479	146	431	134
479	146	428	133
479	146	426	132
479	146	425	132
470	144	425	132
462	142	425	132
447	139	425	132
426	132	434	107
426	132	428	105
429	133	424	104
435	134	461	115
435	134	452	112
435	134	434	107
435	134	428	105
435	134	424	104
435	134	424	104
445	136	461	115
445	136	452	112
445	136	434	107
445	136	428	105
445	136	424	104
445	136	424	104
458	138	461	115
458	138	452	112
458	138	428	105
458	138	424	104
458	138	424	104
489	145	424	104
506	149	434	107
506	149	428	105
506	149	424	104
506	149	424	104
523	153	461	115
523	153	452	112
523	153	428	105
523	153	424	104
523	153	424	104
538	155	434	107
538	155	428	105
538	155	424	104
538	155	424	104
550	157	434	107
550	157	428	105
550	157	424	104
550	157	424	104
559	157	434	107
559	157	428	105
559	157	424	104
559	157	424	104
564	155	434	107
564	155	428	105
564	155	424	104
564	155	424	104
565	153	452	112
565	153	443	110
565	153	434	107
565	153	428	105
565	153	424	104
565	153	424	104
562	150	452	112
562	150	443	110
562	150	434	107
562	150	428	105
562	150	424	104
562	150	424	104
557	146	470	116
557	146	443	110
557	146	434	107
557	146	428	105
557	146	424	104
557	146	424	104
551	142	434	107
551	142	428	105
551	142	424	104
551	142	424	104
544	136	461	115
544	136	452	112
544	136	443	110
544	136	434	107
544	136	428	105
544	136	424	104
544	136	424	104
537	131	470	116
537	131	443	110
537	131	434	107
537	131	428	105
537	131	424	104
537	131	424	104
529	127	470	116
529	127	443	110
529	127	434	107
529	127	428	105
529	127	424	104
529	127	424	104
521	123	452	112
521	123	443	110
521	123	434	107
521	123	428	105
521	123	424	104
521	123	424	104
513	121	443	110
513	121	434	107
513	121	428	105
513	121	424	104
513	121	424	104
505	120	443	110
505	120	434	107
505	120	428	105
505	120	424	104
505	120	424	104
496	119	424	104
488	119	428	105
488	119	424	104
488	119	424	104
479	118	424	104
470	116	424	104
461	115	424	104
452	112	424	104
466	116	412	253
502	134	416	251
502	134	413	253
502	134	412	253
537	175	416	251
537	175	413	253
537	175	412	253
533	183	416	251
533	183	413	253
533	183	412	253
506	216	442	240
506	216	431	245
506	216	423	249
506	216	416	251
506	216	413	253
506	216	412	253
480	228	412	253
413	253	417	305
413	253	414	306
418	251	417	305
427	247	430	299
427	247	423	302
427	247	417	305
427	247	414	306
438	242	438	296
438	242	430	299
438	242	423	302
438	242	417	305
438	242	414	306
451	236	447	293
451	236	438	296
451	236	430	299
451	236	423	302
451	236	417	305
451	236	414	306
466	231	466	285
466	231	456	289
466	231	447	293
466	231	438	296
466	231	430	299
466	231	423	302
466	231	417	305
466	231	414	306
483	227	456	289
483	227	447	293
483	227	438	296
483	227	430	299
483	227	423	302
483	227	417	305
483	227	414	306
500	226	456	289
500	226	447	293
500	226	438	296
500	226	430	299
500	226	423	302
500	226	417	305
500	226	414	306
518	229	456	289
518	229	447	293
518	229	438	296
518	229	430	299
518	229	423	302
518	229	417	305
518	229	414	306
533	235	456	289
533	235	447	293
533	235	438	296
533	235	430	299
533	235	423	302
533	235	417	305
533	235	414	306
545	242	497	276
545	242	486	279
545	242	466	285
545	242	456	289
545	242	447	293
545	242	438	296
545	242	430	299
545	242	423	302
545	242	417	305
545	242	414	306
551	249	497	276
551	249	486	279
551	249	466	285
551	249	456	289
551	249	447	293
551	249	438	296
551	249	430	299
551	249	423	302
551	249	417	305
551	249	414	306
552	255	497	276
552	255	456	289
552	255	447	293
552	255	438	296
552	255	430	299
552	255	423	302
552	255	417	305
552	255	414	306
547	260	497	276
547	260	456	289
547	260	447	293
547	260	438	296
547	260	430	299
547	260	423	302
547	260	417	305
547	260	414	306
540	264	497	276
540	264	486	279
540	264	466	285
540	264	456	289
540	264	447	293
540	264	438	296
540	264	430	299
540	264	423	302
540	264	417	305
540	264	414	306
531	267	497	276
531	267	447	293
531	267	438	296
531	267	430	299
531	267	423	302
531	267	417	305
531	267	414	306
520	271	497	276
520	271	447	293
520	271	438	296
520	271	430	299
520	271	423	302
520	271	417	305
520	271	414	306
508	273	447	293
508	273	438	296
508	273	430	299
508	273	423	302
508	273	417	305
508	273	414	306
497	276	438	296
497	276	430	299
497	276	423	302
497	276	417	305
497	276	414	306
486	279	423	302
486	279	417	305
486	279	414	306
476	282	417	305
476	282	414	306
466	285	417	305
466	285	414	306
456	289	414	306
447	293	417	305
447	293	414	306
438	296	417	305
438	296	414	306
493	282	476	348
493	282	467	351
493	282	458	354
493	282	451	358
493	282	443	362
493	282	435	366
493	282	421	373
493	282	417	375
493	282	415	376
515	280	476	348
515	280	467	351
515	280	458	354
515	280	451	358
515	280	443	362
515	280	435	366
515	280	428	370
515	280	421	373
515	280	417	375
515	280	415	376
535	282	476	348
535	282	467	351
535	282	458	354
535	282	451	358
535	282	443	362
535	282	435	366
535	282	428	370
535	282	421	373
535	282	417	375
535	282	415	376
549	288	476	348
549	288	467	351
549	288	458	354
549	288	451	358
549	288	443	362
549	288	435	366
549	288	428	370
549	288	421	373
549	288	417	375
549	288	415	376
556	296	476	348
556	296	467	351
556	296	458	354
556	296	451	358
556	296	443	362
556	296	435	366
556	296	428	370
556	296	421	373
556	296	417	375
556	296	415	376
557	304	476	348
557	304	467	351
557	304	458	354
557	304	451	358
557	304	443	362
557	304	435	366
557	304	428	370
557	304	421	373
557	304	417	375
557	304	415	376
553	313	476	348
553	313	467	351
553	313	458	354
553	313	451	358
553	313	443	362
553	313	435	366
553	313	428	370
553	313	421	373
553	313	417	375
553	313	415	376
546	322	476	348
546	322	467	351
546	322	458	354
546	322	451	358
546	322	443	362
546	322	435	366
546	322	428	370
546	322	421	373
546	322	417	375
546	322	415	376
536	329	476	348
536	329	467	351
536	329	458	354
536	329	451	358
536	329	443	362
536	329	435	366
536	329	428	370
536	329	421	373
536	329	417	375
536	329	415	376
524	335	451	358
524	335	443	362
524	335	435	366
524	335	428	370
524	335	421	373
524	335	417	375
524	335	415	376
511	339	451	358
511	339	443	362
511	339	435	366
511	339	428	370
511	339	421	373
511	339	417	375
511	339	415	376
498	342	443	362
498	342	435	366
498	342	428	370
498	342	421	373
498	342	417	375
498	342	415	376
486	345	443	362
486	345	435	366
486	345	428	370
486	345	421	373
486	345	417	375
486	345	415	376
476	348	443	362
476	348	435	366
476	348	428	370
476	348	421	373
476	348	417	375
476	348	415	376
467	351	443	362
467	351	435	366
467	351	428	370
467	351	421	373
467	351	417	375
467	351	415	376
458	354	428	370
458	354	421	373
458	354	417	375
458	354	415	376
451	358	421	373
451	358	417	375
443	362	421	373
443	362	417	375
435	366	415	376
484	373	478	423
499	367	478	423
514	362	490	413
514	362	486	417
514	362	482	420
514	362	478	423
528	358	496	409
528	358	490	413
528	358	486	417
528	358	482	420
528	358	478	423
538	356	496	409
538	356	490	413
538	356	486	417
538	356	482	420
538	356	478	423
543	356	496	409
543	356	490	413
543	356	486	417
543	356	482	420
543	356	478	423
543	359	496	409
543	359	490	413
543	359	486	417
543	359	482	420
543	359	478	423
539	364	496	409
539	364	490	413
539	364	486	417
539	364	482	420
539	364	478	423
533	372	496	409
533	372	490	413
533	372	486	417
533	372	482	420
533	372	478	423
527	381	490	413
527	381	482	420
527	381	478	423
527	381	475	426
519	389	482	420
519	389	478	423
493	181	472	93
493	181	463	88
493	181	454	83
493	181	445	77
493	181	438	72
493	181	431	67
493	181	426	63
493	181	423	60
504	161	463	88
504	161	454	83
504	161	445	77
504	161	438	72
504	161	431	67
504	161	426	63
504	161	423	60
510	147	463	88
510	147	454	83
510	147	445	77
510	147	438	72
510	147	431	67
510	147	426	63
510	147	423	60
514	138	463	88
514	138	454	83
514	138	445	77
514	138	438	72
514	138	431	67
514	138	426	63
514	138	423	60
515	132	472	93
515	132	463	88
515	132	454	83
515	132	445	77
515	132	438	72
515	132	431	67
515	132	426	63
515	132	423	60
513	127	472	93
513	127	463	88
513	127	454	83
513	127	445	77
513	127	438	72
513	127	431	67
513	127	426	63
513	127	423	60
509	121	463	88
509	121	454	83
509	121	445	77
509	121	438	72
509	121	431	67
509	121	426	63
509	121	423	60
504	114	445	77
504	114	438	72
504	114	431	67
504	114	426	63
504	114	423	60
497	108	445	77
497	108	438	72
497	108	431	67
497	108	426	63
497	108	423	60
490	102	438	72
490	102	431	67
490	102	426	63
490	102	423	60
481	97	431	67
481	97	426	63
481	97	423	60
472	93	431	67
472	93	426	63
472	93	423	60
463	88	423	60
445	77	423	60
468	93	463	51
468	93	453	46
468	93	447	44
468	93	444	43
487	107	463	51
487	107	453	46
487	107	447	44
487	107	444	43
508	119	473	56
508	119	463	51
508	119	453	46
508	119	447	44
508	119	444	43
527	129	484	62
527	129	473	56
527	129	463	51
527	129	453	46
527	129	447	44
527	129	444	43
541	135	473	56
541	135	463	51
541	135	453	46
541	135	447	44
541	135	444	43
548	135	473	56
548	135	463	51
548	135	453	46
548	135	447	44
548	135	444	43
549	131	484	62
549	131	473	56
549	131	463	51
549	131	453	46
549	131	447	44
549	131	444	43
546	122	484	62
546	122	473	56
546	122	463	51
546	122	453	46
546	122	447	44
546	122	444	43
540	111	484	62
540	111	473	56
540	111	463	51
540	111	453	46
540	111	447	44
540	111	444	43
534	102	484	62
534	102	473	56
534	102	463	51
534	102	453	46
534	102	447	44
534	102	444	43
528	94	484	62
528	94	473	56
528	94	463	51
528	94	453	46
528	94	447	44
528	94	444	43
521	87	463	51
521	87	453	46
521	87	447	44
521	87	444	43
514	80	473	56
514	80	463	51
514	80	453	46
514	80	447	44
514	80	444	43
505	73	463	51
505	73	453	46
505	73	447	44
505	73	444	43
495	67	453	46
495	67	447	44
495	67	444	43
479	135	365	191
478	161	365	191
474	181	366	191
474	181	365	191
467	194	365	191
458	200	365	191
437	203	365	191
537	47	475	57
537	47	466	58
537	47	457	59
537	47	448	60
537	47	440	61
537	47	432	62
537	47	425	63
537	47	420	63
537	47	418	63
536	48	475	57
536	48	466	58
536	48	457	59
536	48	448	60
536	48	440	61
536	48	432	62
536	48	425	63
536	48	420	63
536	48	418	63
535	48	475	57
535	48	466	58
535	48	457	59
535	48	448	60
535	48	440	61
535	48	432	62
535	48	425	63
535	48	420	63
535	48	418	63
533	48	466	58
533	48	457	59
533	48	448	60
533	48	440	61
533	48	432	62
533	48	425	63
533	48	420	63
533	48	418	63
531	49	466	58
531	49	457	59
531	49	448	60
531	49	440	61
531	49	432	62
531	49	425	63
531	49	420	63
531	49	418	63
529	49	466	58
529	49	457	59
529	49	448	60
529	49	440	61
529	49	432	62
529	49	425	63
529	49	420	63
529	49	418	63
527	50	466	58
527	50	457	59
527	50	448	60
527	50	440	61
527	50	432	62
527	50	425	63
527	50	420	63
527	50	418	63
524	50	457	59
524	50	448	60
524	50	440	61
524	50	432	62
524	50	425	63
524	50	420	63
524	50	418	63
521	51	457	59
521	51	448	60
521	51	440	61
521	51	432	62
521	51	425	63
521	51	420	63
521	51	418	63
517	52	457	59
517	52	448	60
517	52	440	61
517	52	432	62
517	52	425	63
517	52	420	63
517	52	418	63
512	53	448	60
512	53	440	61
512	53	432	62
512	53	425	63
512	53	420	63
512	53	418	63
506	54	448	60
506	54	440	61
506	54	432	62
506	54	425	63
506	54	420	63
506	54	418	63
499	54	440	61
499	54	432	62
499	54	425	63
499	54	420	63
499	54	418	63
491	55	432	62
491	55	425	63
491	55	420	63
491	55	418	63
483	56	420	63
483	56	418	63
475	57	418	63
503	51	420	33
520	48	420	33
534	43	420	33
544	39	420	33
549	35	420	33
548	33	420	33
543	32	420	33
536	30	420	33
526	29	420	33
452	32	420	33
424	31	394	95
442	11	398	93
442	11	394	95
498	23	395	95
498	23	394	95
506	37	398	93
506	37	395	95
506	37	394	95
508	49	398	93
508	49	395	95
508	49	394	95
503	54	398	93
503	54	395	95
503	54	394	95
492	56	398	93
492	56	395	95
492	56	394	95
477	61	398	93
477	61	395	95
477	61	394	95
462	68	398	93
462	68	395	95
462	68	394	95
445	75	398	93
445	75	395	95
445	75	394	95
430	81	398	93
430	81	395	95
430	81	394	95
417	88	400	133
417	88	392	136
417	88	389	137
435	84	389	137
456	81	412	130
478	78	461	118
478	78	400	133
497	75	479	115
497	75	443	122
497	75	426	126
497	75	412	130
497	75	400	133
497	75	392	136
497	75	389	137
512	73	479	115
512	73	443	122
512	73	426	126
512	73	412	130
512	73	400	133
512	73	392	136
512	73	389	137
524	74	497	113
524	74	479	115
524	74	392	136
524	74	389	137
535	77	497	113
535	77	479	115
535	77	443	122
535	77	426	126
535	77	412	130
535	77	400	133
535	77	392	136
535	77	389	137
545	79	497	113
545	79	479	115
545	79	461	118
545	79	443	122
545	79	426	126
545	79	412	130
545	79	400	133
545	79	392	136
545	79	389	137
555	83	497	113
555	83	479	115
555	83	461	118
555	83	443	122
555	83	426	126
555	83	412	130
555	83	400	133
555	83	392	136
555	83	389	137
561	88	497	113
561	88	479	115
561	88	461	118
561	88	443	122
561	88	426	126
561	88	412	130
561	88	400	133
561	88	392	136
561	88	389	137
563	95	497	113
563	95	479	115
563	95	461	118
563	95	443	122
563	95	426	126
563	95	412	130
563	95	400	133
563	95	392	136
563	95	389	137
561	100	497	113
561	100	479	115
561	100	461	118
561	100	443	122
561	100	426	126
561	100	412	130
561	100	400	133
561	100	392	136
561	100	389	137
554	105	529	110
554	105	514	111
554	105	497	113
554	105	479	115
554	105	461	118
554	105	443	122
554	105	426	126
554	105	412	130
554	105	400	133
554	105	392	136
554	105	389	137
543	108	514	111
543	108	497	113
543	108	479	115
543	108	461	118
543	108	443	122
543	108	426	126
543	108	412	130
543	108	400	133
543	108	392	136
543	108	389	137
529	110	461	118
529	110	443	122
529	110	426	126
529	110	412	130
529	110	400	133
529	110	389	137
514	111	461	118
514	111	443	122
514	111	426	126
514	111	412	130
514	111	400	133
514	111	392	136
514	111	389	137
497	113	426	126
497	113	412	130
497	113	400	133
497	113	392	136
497	113	389	137
479	115	426	126
479	115	412	130
479	115	400	133
479	115	392	136
479	115	389	137
461	118	400	133
461	118	392	136
461	118	389	137
443	122	400	133
443	122	392	136
443	122	389	137
426	126	389	137
401	117	389	166
401	117	387	167
401	117	386	167
417	115	396	162
437	114	407	157
437	114	396	162
437	114	392	164
437	114	389	166
437	114	387	167
437	114	386	167
458	111	389	166
458	111	386	167
479	109	434	151
479	109	389	166
479	109	387	167
479	109	386	167
499	109	459	148
499	109	446	150
499	109	387	167
499	109	386	167
517	111	459	148
517	111	446	150
529	114	485	142
529	114	472	146
529	114	459	148
529	114	446	150
529	114	434	151
529	114	424	153
529	114	415	155
529	114	407	157
529	114	396	162
529	114	392	164
529	114	389	166
529	114	387	167
529	114	386	167
535	118	485	142
535	118	472	146
535	118	459	148
535	118	446	150
535	118	434	151
535	118	424	153
535	118	415	155
535	118	407	157
535	118	401	160
535	118	396	162
535	118	392	164
535	118	389	166
535	118	387	167
535	118	386	167
534	121	485	142
534	121	472	146
534	121	459	148
534	121	446	150
534	121	434	151
534	121	424	153
534	121	415	155
534	121	407	157
534	121	401	160
534	121	396	162
534	121	392	164
534	121	389	166
534	121	387	167
534	121	386	167
530	125	485	142
530	125	472	146
530	125	459	148
530	125	446	150
530	125	434	151
530	125	424	153
530	125	415	155
530	125	407	157
530	125	401	160
530	125	396	162
530	125	392	164
530	125	389	166
530	125	387	167
530	125	386	167
521	129	485	142
521	129	472	146
521	129	459	148
521	129	446	150
521	129	434	151
521	129	424	153
521	129	415	155
521	129	407	157
521	129	401	160
521	129	396	162
521	129	392	164
521	129	389	166
521	129	387	167
521	129	386	167
510	133	472	146
510	133	459	148
510	133	446	150
510	133	434	151
510	133	424	153
510	133	415	155
510	133	407	157
510	133	396	162
510	133	392	164
510	133	389	166
510	133	387	167
510	133	386	167
498	138	472	146
498	138	459	148
498	138	446	150
498	138	434	151
498	138	415	155
498	138	407	157
498	138	396	162
498	138	392	164
498	138	389	166
498	138	387	167
498	138	386	167
485	142	401	160
485	142	396	162
485	142	392	164
485	142	389	166
485	142	387	167
485	142	386	167
472	146	401	160
472	146	396	162
472	146	392	164
472	146	389	166
472	146	387	167
472	146	386	167
459	148	396	162
459	148	387	167
459	148	386	167
446	150	392	164
446	150	389	166
446	150	387	167
446	150	386	167
434	151	392	164
434	151	389	166
434	151	387	167
434	151	386	167
424	153	387	167
424	153	386	167
415	155	387	167
415	155	386	167
407	157	387	167
407	157	386	167
438	133	440	182
438	133	430	187
454	128	440	182
454	128	430	187
469	123	430	187
484	119	430	187
497	116	430	187
509	116	440	182
520	117	440	182
520	117	430	187
529	119	430	187
536	122	440	182
541	126	440	182
541	126	430	187
542	129	452	176
542	129	440	182
542	129	430	187
540	132	452	176
540	132	440	182
540	132	430	187
534	135	440	182
534	135	430	187
524	141	430	187
512	149	430	187
497	157	440	182
497	157	430	187
482	163	440	182
482	163	430	187
445	155	460	211
445	155	453	215
445	155	447	219
445	155	440	223
445	155	433	227
445	155	427	232
445	155	422	236
445	155	417	240
445	155	413	244
462	145	467	206
462	145	460	211
462	145	453	215
462	145	447	219
462	145	440	223
462	145	433	227
462	145	427	232
462	145	422	236
462	145	417	240
462	145	413	244
481	139	460	211
481	139	453	215
481	139	447	219
481	139	440	223
481	139	433	227
481	139	427	232
481	139	422	236
481	139	417	240
481	139	413	244
500	137	473	202
500	137	467	206
500	137	460	211
500	137	453	215
500	137	447	219
500	137	440	223
500	137	433	227
500	137	427	232
500	137	422	236
500	137	417	240
500	137	413	244
516	137	467	206
516	137	460	211
516	137	453	215
516	137	447	219
516	137	440	223
516	137	433	227
516	137	427	232
516	137	422	236
516	137	417	240
516	137	413	244
528	142	460	211
528	142	453	215
528	142	447	219
528	142	440	223
528	142	433	227
528	142	427	232
528	142	422	236
528	142	417	240
528	142	413	244
535	148	480	199
535	148	473	202
535	148	467	206
535	148	460	211
535	148	453	215
535	148	447	219
535	148	440	223
535	148	433	227
535	148	427	232
535	148	422	236
535	148	417	240
535	148	413	244
537	152	467	206
537	152	460	211
537	152	453	215
537	152	447	219
537	152	440	223
537	152	433	227
537	152	427	232
537	152	422	236
537	152	417	240
537	152	413	244
535	155	480	199
535	155	473	202
535	155	467	206
535	155	460	211
535	155	453	215
535	155	447	219
535	155	440	223
535	155	433	227
535	155	427	232
535	155	422	236
535	155	417	240
535	155	413	244
531	160	467	206
531	160	460	211
531	160	453	215
531	160	447	219
531	160	440	223
531	160	433	227
531	160	427	232
531	160	422	236
531	160	417	240
531	160	413	244
527	167	467	206
527	167	460	211
527	167	453	215
527	167	447	219
527	167	440	223
527	167	433	227
527	167	427	232
527	167	422	236
527	167	417	240
527	167	413	244
523	173	504	191
523	173	497	193
523	173	491	195
523	173	486	197
523	173	480	199
523	173	473	202
523	173	467	206
523	173	460	211
523	173	453	215
523	173	447	219
523	173	440	223
523	173	433	227
523	173	427	232
523	173	422	236
523	173	417	240
523	173	413	244
518	178	491	195
518	178	486	197
518	178	480	199
518	178	473	202
518	178	467	206
518	178	460	211
518	178	453	215
518	178	447	219
518	178	440	223
518	178	433	227
518	178	427	232
518	178	422	236
518	178	417	240
518	178	413	244
514	184	480	199
514	184	473	202
514	184	467	206
514	184	460	211
514	184	453	215
514	184	447	219
514	184	440	223
514	184	433	227
514	184	427	232
514	184	422	236
514	184	417	240
514	184	413	244
509	189	486	197
509	189	480	199
509	189	473	202
509	189	467	206
509	189	460	211
509	189	453	215
509	189	447	219
509	189	440	223
509	189	433	227
509	189	427	232
509	189	422	236
509	189	417	240
509	189	413	244
504	191	480	199
504	191	467	206
504	191	460	211
504	191	453	215
504	191	447	219
504	191	440	223
504	191	433	227
504	191	427	232
504	191	422	236
504	191	417	240
504	191	413	244
497	193	467	206
497	193	460	211
497	193	453	215
497	193	447	219
497	193	440	223
497	193	433	227
497	193	427	232
497	193	422	236
497	193	417	240
497	193	413	244
491	195	467	206
491	195	460	211
491	195	453	215
491	195	447	219
491	195	440	223
491	195	433	227
491	195	427	232
491	195	422	236
491	195	417	240
491	195	413	244
486	197	467	206
486	197	460	211
486	197	453	215
486	197	447	219
486	197	440	223
486	197	433	227
486	197	427	232
486	197	422	236
486	197	417	240
486	197	413	244
480	199	427	232
480	199	422	236
480	199	417	240
480	199	413	244
473	202	427	232
473	202	422	236
473	202	417	240
473	202	413	244
467	206	427	232
467	206	422	236
467	206	417	240
467	206	413	244
460	211	440	223
460	211	433	227
460	211	427	232
460	211	422	236
460	211	417	240
460	211	413	244
453	215	427	232
453	215	422	236
453	215	417	240
453	215	413	244
453	215	410	246
501	210	475	242
501	210	466	250
501	210	455	256
501	210	445	260
501	210	437	264
501	210	431	268
501	210	426	272
501	210	424	273
497	214	475	242
497	214	466	250
497	214	455	256
497	214	445	260
497	214	437	264
497	214	431	268
497	214	426	272
497	214	424	273
491	222	455	256
491	222	431	268
491	222	426	272
491	222	424	273
483	231	437	264
475	242	455	256
475	242	437	264
475	242	431	268
475	242	426	272
475	242	424	273
466	250	431	268
466	250	426	272
466	250	424	273
455	256	424	273
454	239	442	291
454	239	437	294
454	239	434	296
454	239	434	296
469	224	490	267
469	224	468	280
469	224	437	294
486	211	490	267
486	211	476	276
486	211	468	280
486	211	459	283
486	211	450	287
486	211	442	291
486	211	437	294
486	211	434	296
486	211	434	296
504	204	497	262
504	204	490	267
504	204	483	271
504	204	476	276
504	204	468	280
504	204	459	283
504	204	450	287
504	204	442	291
504	204	437	294
504	204	434	296
504	204	434	296
519	203	497	262
519	203	490	267
519	203	483	271
519	203	476	276
519	203	468	280
519	203	459	283
519	203	450	287
519	203	442	291
519	203	437	294
519	203	434	296
519	203	434	296
529	207	497	262
529	207	490	267
529	207	483	271
529	207	476	276
529	207	468	280
529	207	459	283
529	207	450	287
529	207	442	291
529	207	437	294
529	207	434	296
529	207	434	296
534	217	515	251
534	217	483	271
534	217	476	276
534	217	468	280
534	217	459	283
534	217	450	287
534	217	442	291
534	217	437	294
534	217	434	296
534	217	434	296
535	229	497	262
535	229	490	267
535	229	483	271
535	229	476	276
535	229	468	280
535	229	459	283
535	229	450	287
535	229	442	291
535	229	437	294
535	229	434	296
535	229	434	296
531	239	497	262
531	239	490	267
531	239	483	271
531	239	476	276
531	239	468	280
531	239	459	283
531	239	450	287
531	239	442	291
531	239	437	294
531	239	434	296
531	239	434	296
524	246	497	262
524	246	490	267
524	246	483	271
524	246	476	276
524	246	468	280
524	246	459	283
524	246	450	287
524	246	442	291
524	246	437	294
524	246	434	296
524	246	434	296
515	251	497	262
515	251	476	276
515	251	468	280
515	251	459	283
515	251	450	287
515	251	442	291
515	251	437	294
515	251	434	296
515	251	434	296
506	256	476	276
506	256	468	280
506	256	459	283
506	256	450	287
506	256	442	291
506	256	437	294
506	256	434	296
506	256	434	296
497	262	468	280
497	262	459	283
497	262	450	287
497	262	442	291
497	262	437	294
497	262	434	296
497	262	434	296
490	267	459	283
490	267	450	287
490	267	442	291
490	267	437	294
490	267	434	296
490	267	434	296
483	271	450	287
483	271	442	291
483	271	437	294
483	271	434	296
483	271	434	296
476	276	442	291
476	276	437	294
476	276	434	296
476	276	434	296
468	280	437	294
468	280	434	296
459	283	434	296
515	282	471	315
515	282	464	319
515	282	459	323
515	282	454	326
515	282	451	329
515	282	451	330
510	286	454	326
510	286	451	329
510	286	451	330
503	291	454	326
503	291	451	329
503	291	451	330
494	297	451	329
494	297	451	330
486	303	451	329
486	303	451	330
471	315	451	329
478	317	466	365
478	317	466	366
490	310	479	358
490	310	477	359
490	310	475	361
490	310	473	362
490	310	470	364
490	310	468	365
490	310	466	365
490	310	466	366
503	303	486	353
503	303	482	356
503	303	477	359
503	303	475	361
503	303	473	362
503	303	470	364
503	303	468	365
503	303	466	365
503	303	466	366
515	299	486	353
515	299	482	356
515	299	479	358
515	299	477	359
515	299	475	361
515	299	473	362
515	299	470	364
515	299	468	365
515	299	466	365
515	299	466	366
525	297	486	353
525	297	482	356
525	297	479	358
525	297	477	359
525	297	475	361
525	297	473	362
525	297	470	364
525	297	468	365
525	297	466	365
525	297	466	366
532	298	491	349
532	298	486	353
532	298	482	356
532	298	479	358
532	298	477	359
532	298	475	361
532	298	473	362
532	298	470	364
532	298	468	365
532	298	466	365
532	298	466	366
534	301	491	349
534	301	486	353
534	301	482	356
534	301	479	358
534	301	477	359
534	301	475	361
534	301	473	362
534	301	470	364
534	301	468	365
534	301	466	365
534	301	466	366
532	307	486	353
532	307	482	356
532	307	479	358
532	307	477	359
532	307	475	361
532	307	473	362
532	307	470	364
532	307	468	365
532	307	466	365
532	307	466	366
529	316	491	349
529	316	486	353
529	316	482	356
529	316	479	358
529	316	477	359
529	316	475	361
529	316	473	362
529	316	470	364
529	316	468	365
529	316	466	365
529	316	466	366
524	326	482	356
524	326	477	359
524	326	475	361
524	326	473	362
524	326	470	364
524	326	468	365
524	326	466	365
524	326	466	366
518	334	479	358
518	334	475	361
518	334	473	362
518	334	470	364
518	334	468	365
518	334	466	365
518	334	466	366
510	339	468	365
510	339	466	365
510	339	466	366
503	343	466	366
612	310	476	452
612	310	471	451
612	317	481	453
612	317	476	452
612	317	471	451
612	317	468	451
612	317	466	450
611	325	481	453
611	325	476	452
611	325	471	451
611	325	468	451
611	325	466	450
609	333	481	453
609	333	476	452
609	333	471	451
609	333	468	451
609	333	466	450
606	343	476	452
606	343	471	451
606	343	468	451
606	343	466	450
603	354	481	453
603	354	476	452
603	354	471	451
603	354	468	451
603	354	466	450
598	365	481	453
598	365	476	452
598	365	471	451
598	365	468	451
598	365	466	450
592	377	476	452
592	377	471	451
592	377	468	451
592	377	466	450
585	388	476	452
585	388	471	451
585	388	468	451
585	388	466	450
576	398	471	451
576	398	468	451
576	398	466	450
568	407	476	452
568	407	471	451
568	407	468	451
568	407	466	450
561	414	476	452
561	414	471	451
561	414	468	451
561	414	466	450
557	420	476	452
557	420	471	451
557	420	468	451
557	420	466	450
555	425	471	451
555	425	468	451
555	425	466	450
554	431	476	452
554	431	471	451
554	431	468	451
554	431	466	450
553	436	476	452
553	436	471	451
553	436	468	451
553	436	466	450
552	440	476	452
552	440	471	451
552	440	468	451
552	440	466	450
552	446	471	451
552	446	468	451
552	446	466	450
551	452	476	452
551	452	471	451
551	452	468	451
551	452	466	450
550	457	476	452
550	457	471	451
550	457	468	451
550	457	466	450
549	460	476	452
549	460	471	451
549	460	468	451
549	460	466	450
548	462	476	452
548	462	471	451
548	462	468	451
548	462	466	450
547	462	476	452
547	462	471	451
547	462	468	451
547	462	466	450
546	462	476	452
546	462	471	451
546	462	468	451
546	462	466	450
544	462	476	452
544	462	471	451
544	462	468	451
544	462	466	450
542	462	471	451
542	462	468	451
542	462	466	450
538	462	471	451
538	462	468	451
538	462	466	450
534	462	471	451
534	462	468	451
534	462	466	450
530	462	471	451
530	462	468	451
530	462	466	450
528	461	471	451
528	461	468	451
528	461	466	450
525	461	471	451
525	461	468	451
525	461	466	450
523	461	471	451
523	461	468	451
523	461	466	450
521	461	468	451
521	461	466	450
518	461	468	451
518	461	466	450
514	461	466	450
423	369	414	343
502	356	414	343
500	352	414	343
490	351	414	343
424	357	431	335
424	357	400	319
502	324	422	284
502	324	410	279
502	324	399	275
502	324	392	272
502	324	389	270
507	319	449	292
507	319	435	288
507	319	422	284
507	319	410	279
507	319	399	275
507	319	392	272
507	319	389	270
506	314	435	288
506	314	410	279
506	314	399	275
500	309	463	296
500	309	435	288
500	309	422	284
500	309	410	279
500	309	399	275
500	309	392	272
500	309	389	270
490	305	422	284
490	305	399	275
490	305	389	270
477	300	399	275
477	300	392	272
477	300	389	270
463	296	399	275
449	292	399	275
449	292	392	272
449	292	389	270
435	288	399	275
435	288	392	272
435	288	389	270
422	284	399	275
422	284	392	272
422	284	389	270
491	275	406	251
488	274	398	249
488	274	392	248
488	274	389	247
484	272	406	251
473	266	398	249
466	264	406	251
466	264	392	248
466	264	389	247
457	261	389	247
416	254	429	234
416	254	418	233
416	254	408	233
488	283	482	241
488	283	468	239
488	283	455	237
505	288	482	241
505	288	468	239
521	289	507	244
521	289	495	242
521	289	482	241
521	289	468	239
521	289	455	237
533	286	482	241
533	286	468	239
542	280	507	244
542	280	495	242
542	280	482	241
542	280	468	239
549	272	507	244
549	272	495	242
549	272	482	241
549	272	468	239
552	265	482	241
552	265	468	239
552	265	455	237
552	265	442	235
552	265	429	234
553	261	482	241
553	261	468	239
553	261	455	237
553	261	442	235
553	261	429	234
552	259	482	241
552	259	468	239
552	259	455	237
552	259	442	235
552	259	429	234
552	259	418	233
549	258	495	242
549	258	482	241
549	258	468	239
549	258	455	237
549	258	442	235
549	258	429	234
549	258	418	233
549	258	408	233
545	256	482	241
545	256	468	239
545	256	455	237
545	256	442	235
545	256	429	234
545	256	418	233
545	256	408	233
539	254	455	237
526	249	455	237
517	246	455	237
517	246	442	235
517	246	429	234
517	246	418	233
517	246	396	231
507	244	442	235
507	244	429	234
507	244	418	233
495	242	429	234
495	242	418	233
495	242	408	233
482	241	401	232
482	241	396	231
482	241	393	230
468	239	396	231
468	239	393	230
455	237	401	232
455	237	393	230
442	235	401	232
442	235	393	230
496	258	441	209
514	250	454	210
514	250	441	209
529	242	454	210
529	242	441	209
539	233	454	210
539	233	441	209
545	226	454	210
545	226	441	209
547	221	454	210
547	221	441	209
545	219	454	210
545	219	441	209
541	217	454	210
541	217	441	209
534	216	454	210
534	216	441	209
525	214	454	210
525	214	441	209
515	212	454	210
515	212	441	209
544	217	442	189
544	217	432	185
544	217	422	180
544	217	412	175
544	217	404	171
544	217	399	169
544	217	398	169
536	217	442	189
536	217	432	185
536	217	422	180
536	217	412	175
536	217	404	171
536	217	399	169
536	217	398	169
525	218	432	185
525	218	422	180
525	218	412	175
525	218	404	171
525	218	399	169
525	218	398	169
511	216	442	189
511	216	432	185
511	216	422	180
511	216	412	175
511	216	404	171
511	216	399	169
511	216	398	169
498	212	442	189
498	212	432	185
498	212	422	180
498	212	412	175
498	212	404	171
498	212	399	169
498	212	398	169
484	207	442	189
484	207	432	185
484	207	422	180
484	207	412	175
484	207	404	171
484	207	399	169
484	207	398	169
472	201	422	180
472	201	412	175
472	201	404	171
472	201	399	169
472	201	398	169
461	197	422	180
461	197	412	175
461	197	404	171
461	197	399	169
461	197	398	169
451	193	422	180
451	193	412	175
451	193	404	171
451	193	399	169
451	193	398	169
442	189	422	180
442	189	404	171
442	189	399	169
442	189	398	169
432	185	404	171
432	185	399	169
432	185	398	169
422	180	399	169
422	180	398	169
474	216	427	162
474	216	416	154
474	216	407	149
474	216	401	146
474	216	398	144
474	216	398	144
484	215	427	162
484	215	416	154
484	215	407	149
484	215	401	146
484	215	398	144
484	215	398	144
490	212	416	154
490	212	407	149
490	212	401	146
490	212	398	144
490	212	398	144
492	210	427	162
492	210	416	154
492	210	407	149
492	210	401	146
492	210	398	144
492	210	398	144
493	208	427	162
493	208	416	154
493	208	407	149
493	208	401	146
493	208	398	144
493	208	398	144
492	208	427	162
492	208	416	154
492	208	407	149
492	208	401	146
492	208	398	144
492	208	398	144
491	206	427	162
491	206	416	154
491	206	407	149
491	206	401	146
491	206	398	144
491	206	398	144
488	204	416	154
488	204	407	149
488	204	401	146
488	204	398	144
488	204	398	144
485	202	427	162
485	202	416	154
485	202	407	149
485	202	401	146
485	202	398	144
485	202	398	144
480	198	407	149
480	198	401	146
480	198	398	144
480	198	398	144
474	193	416	154
474	193	407	149
474	193	401	146
474	193	398	144
474	193	398	144
465	185	398	144
465	185	398	144
453	177	407	149
453	177	401	146
453	177	398	144
453	177	398	144
452	332	452	140
468	318	440	133
484	303	452	140
484	303	440	133
484	303	430	127
484	303	423	123
500	285	477	156
500	285	465	148
500	285	452	140
500	285	440	133
500	285	430	127
500	285	423	123
500	285	419	121
512	264	440	133
512	264	430	127
512	264	423	123
512	264	419	121
521	242	452	140
521	242	440	133
521	242	430	127
521	242	423	123
521	242	419	121
526	223	452	140
526	223	440	133
526	223	430	127
526	223	423	123
526	223	419	121
526	205	452	140
526	205	440	133
526	205	430	127
526	205	423	123
526	205	419	121
522	191	452	140
522	191	440	133
522	191	430	127
522	191	423	123
522	191	419	121
516	182	477	156
516	182	465	148
516	182	452	140
516	182	440	133
516	182	430	127
516	182	423	123
516	182	419	121
508	175	452	140
508	175	440	133
508	175	430	127
508	175	423	123
508	175	419	121
499	168	452	140
499	168	440	133
499	168	430	127
499	168	423	123
499	168	419	121
489	162	465	148
489	162	452	140
489	162	440	133
489	162	430	127
489	162	423	123
489	162	419	121
477	156	452	140
477	156	440	133
477	156	430	127
477	156	423	123
477	156	419	121
465	148	440	133
465	148	430	127
465	148	423	123
465	148	419	121
452	140	430	127
452	140	423	123
452	140	419	121
427	121	438	88
427	121	434	86
438	125	447	94
438	125	438	88
438	125	434	86
454	131	458	102
454	131	447	94
473	140	471	111
473	140	434	86
491	149	458	102
491	149	447	94
491	149	438	88
507	156	471	111
507	156	458	102
507	156	447	94
507	156	438	88
518	160	458	102
518	160	447	94
518	160	438	88
518	160	434	86
524	160	496	131
524	160	484	121
524	160	471	111
524	160	458	102
524	160	447	94
524	160	438	88
524	160	434	86
524	159	496	131
524	159	484	121
524	159	471	111
524	159	458	102
524	159	447	94
524	159	438	88
524	159	434	86
521	155	458	102
521	155	447	94
521	155	438	88
521	155	434	86
515	148	447	94
515	148	438	88
515	148	434	86
506	140	438	88
506	140	434	86
496	131	458	102
496	131	447	94
496	131	438	88
496	131	434	86
471	111	447	94
473	117	449	63
486	132	475	78
500	146	475	78
500	146	454	66
500	146	449	63
512	156	487	86
512	156	475	78
512	156	463	71
512	156	454	66
524	163	487	86
524	163	475	78
524	163	463	71
524	163	454	66
524	163	449	63
535	164	475	78
535	164	463	71
535	164	454	66
535	164	449	63
543	161	487	86
543	161	475	78
543	161	463	71
543	161	454	66
543	161	449	63
548	155	487	86
548	155	475	78
548	155	463	71
548	155	454	66
548	155	449	63
548	146	499	93
548	146	487	86
548	146	475	78
548	146	463	71
548	146	454	66
548	146	449	63
545	135	475	78
545	135	463	71
545	135	454	66
545	135	449	63
539	124	475	78
539	124	463	71
539	124	454	66
539	124	449	63
531	115	475	78
531	115	463	71
531	115	454	66
531	115	449	63
522	106	475	78
522	106	463	71
522	106	454	66
522	106	449	63
511	99	475	78
511	99	463	71
511	99	454	66
511	99	449	63
499	93	454	66
499	93	449	63
576	122	499	51
576	122	477	40
576	122	472	38
576	122	468	35
571	116	499	51
571	116	490	47
571	116	483	43
571	116	477	40
571	116	472	38
571	116	468	35
563	108	499	51
563	108	490	47
563	108	483	43
563	108	477	40
563	108	472	38
563	108	468	35
553	97	499	51
553	97	490	47
553	97	483	43
553	97	477	40
553	97	472	38
553	97	468	35
542	86	499	51
542	86	490	47
542	86	483	43
542	86	477	40
542	86	472	38
542	86	468	35
531	75	490	47
531	75	483	43
531	75	477	40
531	75	472	38
531	75	468	35
520	65	477	40
520	65	472	38
520	65	468	35
